150
9999999.
0.787937993738
1.55910040192
1.78816989327
1.91190262878
2.19399631861
2.26861253827
2.37480490263
2.64484370471
2.67179240674
2.67508217975
2.93717828979
3.08542857608
2.87073429946
2.90148114939
3.09374456441
3.12283210658
3.03208852248
3.04174390801
3.09577745049
3.14533275409
3.21584968592
3.20219721877
3.32594387802
3.03016518597
3.165598733
3.26556792808
3.11719975947
3.23148462611
3.27255106944
3.38651388141
3.21438728969
3.28522521855
3.54082640837
3.36241848719
3.32127494732
3.27392165252
3.20638993714
3.28787279796
3.34007446517
3.24486017919
3.2304030548
3.30017054263
3.3947812704
3.31293841076
3.26753404544
3.35536702911
3.34072072301
3.31423144199
3.29938035424
3.3408911477
3.24512510372
3.11728677317
3.27248236107
3.16212276349
3.27171118243
3.37786275446
3.36567082592
3.23697315838
3.35371122897
3.36070654789
3.37271483451
3.29603307687
3.26150815499
3.22901833894
3.38823052335
3.48073460108
3.33536347202
3.39412522552
3.39210448453
3.32602137176
3.58254381696
3.35692530247
3.35721155717
3.40400312632
3.48022349396
3.48462814252
3.39511125067
3.58098455195
3.52763741228
3.43388070603
3.425375025
3.48791216142
3.53377669917
3.66441275687
3.70022708736
3.67606511811
3.70999560034
3.60804731981
3.59223658296
3.43791224381
3.56778540427
3.51033898394
3.51367791483
3.72898799414
3.48548771935
3.53516932457
3.59280360153
3.66363389233
3.65395828023
3.78150979255
3.71884038143
3.74102291978
3.75382752247
3.76851866662
3.78469273805
3.88231776586
3.84230870417
3.79257176886
3.72268359552
3.78924362643
3.84353767483
3.73154687068
3.69217378645
3.76046269007
3.98247355099
3.81791926651
3.70666185159
3.70498790564
3.81762604802
3.70738287787
3.60643521188
3.6521481976
3.89684189523
3.7738556813
3.73172006529
3.86861107527
3.82229190873
3.78133804862
3.91978343595
3.93851178891
3.77841045485
3.83380807154
3.89650804989
3.81095953422
3.82470003108
3.88779992733
3.73990979679
3.79468343702
3.90863969627
3.9353434203
3.89446834585
3.95262853128
3.98238439669
3.9903780082
4.00987763963
3.99536476189
3.92394225493
4.00440501312
4.007856539
3.9968078949
