350
9999999.
1.13058506861
1.76936025906
2.12412447248
2.50059786742
2.82011860155
2.86258910851
3.19391567318
3.34580746169
3.25690867884
3.5406530576
3.73714022146
3.71885403018
3.76946082339
3.83241574262
3.97150803729
4.06137916057
4.07421734439
4.15274227299
4.12205439904
4.19854461057
4.28007457093
4.21546517083
4.41864924765
4.39125291006
4.36263778684
4.34197191153
4.45069134618
4.45249725726
4.49889791004
4.38516770956
4.49830047474
4.50710194974
4.70644942103
4.61748609253
4.6584182976
4.60444942396
4.72952370977
4.61080606229
4.6665939288
4.56094547612
4.61002189163
4.63559280313
4.71845866224
4.69177962423
4.8115265446
4.63540825692
4.68507541556
4.59973060047
4.79068658543
4.73931202284
4.75613068948
4.75961347801
4.80980877876
4.87086232653
4.92258683344
4.87628497947
4.85913374807
4.93348715209
5.02792247435
4.98295164431
4.88227309111
4.83013255279
4.8066087147
4.8597242597
4.92096771863
4.88180417073
4.9408636069
4.85033631243
4.90726614395
4.88505900822
4.92245802639
4.8889484681
4.82557215393
4.90063993141
5.06447032856
4.91758076182
4.95067053882
5.08937261184
5.03057886672
4.83871430986
4.9800170688
4.94628566001
4.91858244778
5.02392105544
4.97652305714
4.94904472389
4.95606586953
4.95617010302
4.90720395162
4.85893197951
4.90281277664
4.97650952378
4.92005027272
4.94743070471
5.06454295821
5.12830550693
4.94515626497
5.00314675537
4.98729331317
5.07066173742
5.12704644891
5.11094053929
5.13755406024
5.20918197563
5.08884997939
5.06657508077
5.06020718634
5.07802172746
5.03752590514
5.08521580484
5.13586894344
5.22440313063
5.1297762833
5.02125832218
5.02168335873
5.0310842337
4.94435078582
5.02152903469
4.99070076059
5.11413352758
5.02674896678
5.04063807232
5.12364728301
5.13418762574
5.00294064629
5.16364887338
5.18633765131
5.15488243908
5.17990370494
5.03103768596
5.23515368914
5.33846125225
5.31666373245
5.25690233647
5.24721725712
5.2005336446
5.26004575167
5.23861523618
5.19514506252
5.255669867
5.28318542677
5.33591983916
5.16327181871
5.32897038975
5.30621799503
5.2198869053
5.21350477057
5.1587832177
5.34369008868
5.25388186601
5.27179639937
5.22063901856
5.25284458592
5.2163988154
5.22237807937
5.14410141037
5.25408870039
5.27390278465
5.28629585507
5.2019262885
5.18632848325
5.32609675034
5.27964930694
5.31406469861
5.19981745416
5.24493167258
5.22584157821
5.17002300371
5.24186683135
5.32287954985
5.24491851657
5.19795688532
5.26116457242
5.16506008457
5.22120808033
5.25259249891
5.28938976956
5.18375648757
5.25655201361
5.31675203034
5.26460634954
5.24133124463
5.2757629085
5.20695340181
5.31509581077
5.43923000908
5.43262210516
5.36832474599
5.232878905
5.34342161575
5.25867845974
5.37665437779
5.40812407759
5.34252536069
5.24599379676
5.38224210052
5.28619800342
5.42037686495
5.41502542833
5.31269855485
5.08961361764
5.3029679444
5.28152243443
5.32022592731
5.29197675146
5.3583179992
5.38319476226
5.44413482169
5.38020983743
5.36689631662
5.34510498305
5.29967554066
5.46680917791
5.38660293639
5.36938031283
5.34046968232
5.47433514393
5.40982987887
5.42014266416
5.36736373353
5.37560389753
5.50308200036
5.40921789647
5.49113604115
5.50453359275
5.4233212343
5.35168291805
5.38911273534
5.49364927208
5.53006690509
5.52997691435
5.55887506344
5.4603683146
5.4206430951
5.32107482271
5.36363334908
5.43350496933
5.41433379769
5.39382254429
5.47742863264
5.46611855952
5.37758472571
5.50092450953
5.36445975803
5.59994868603
5.43553857708
5.48096000553
5.47027529781
5.59768475457
5.6089037353
5.50871825959
5.47579504054
5.37525888353
5.49504265225
5.41572079103
5.44143358794
5.54108041806
5.5157184646
5.45713912395
5.52503660272
5.31274601153
5.48934659864
5.55332275131
5.45392208118
5.41814917161
5.52866909153
5.4882905885
5.5882495116
5.51311724088
5.51249709776
5.50529782616
5.5599503896
5.51730129143
5.65165776203
5.58260071991
5.57398605709
5.36936874287
5.51937938256
5.67274524918
5.5033119563
5.6065117065
5.54907824979
5.50121319488
5.48590658123
5.57587048776
5.5569145466
5.57484557113
5.42623208076
5.53687425906
5.41479347399
5.6168161937
5.56953899053
5.55538195845
5.51335860519
5.53003848744
5.58843772111
5.63613134067
5.63807457585
5.5515154667
5.613146221
5.44856831563
5.50465795621
5.57679975392
5.59321375007
5.71848634661
5.67561301523
5.67652394568
5.71620089756
5.57901508679
5.57830931601
5.62198316179
5.55576970421
5.50822394002
5.56633128867
5.5321884987
5.54667789836
5.56078942882
5.71519353484
5.67548608921
5.68273592337
5.65079026524
5.74413150028
5.61265486623
5.64162866722
5.59636415409
5.62502593926
5.67247454147
5.57927164187
5.57788335419
5.61160080775
5.60138484016
5.61523946639
5.54353226246
5.5837266587
5.62883823271
5.63709949149
5.64446799552
5.60917855788
5.61190358722
5.66740785216
5.68754270447
5.73607596061
5.68833563689
5.65439913467
5.72686737055
5.75246112374
5.72456049166
5.55917872463
5.61928314061
5.63884521251
