150
9999999.
7.78604663084
6.14484272849
5.73649543276
4.90123465224
5.13730107665
4.50443323597
3.69916115455
4.14559473973
4.15712324267
4.05545256945
4.3416295859
3.47504824756
3.21455628543
2.91031407578
3.65444308398
3.27405860945
2.89465009091
2.93433106128
3.04365061348
2.38147789858
2.70896812832
3.06028678104
3.038130601
3.30845037948
3.09710148411
2.74872878965
2.68933681209
2.35904233584
2.71462169987
3.07762748633
1.58571795086
2.52429164281
2.89174415521
2.31573410487
2.48302511607
2.80251450718
2.3334008723
2.4714995384
2.42292794533
2.23930020599
2.19119760174
2.57933314101
1.7341269957
2.77746173754
2.4105722076
3.1096814026
2.19171759827
1.70582521614
2.53421510579
3.02199565584
2.47486204082
2.16245707558
2.46759957886
2.30084688921
1.88634202789
2.4050946138
2.49001886389
1.93350765146
2.29088107505
1.29148335958
2.28671627176
2.80956968089
2.21237934331
1.86229909012
1.85446637335
2.1437182598
2.25009747587
2.06623842009
1.89306120209
2.21743773609
1.81576769931
2.1888361348
2.58595136527
2.03827386424
2.0472865558
1.70738445179
2.42686683746
1.66221048129
1.61360818188
2.28010678887
1.35847506052
1.71224909077
2.26621492168
2.63949645748
1.871623636
2.1002316944
1.77679799404
1.82860617888
1.79399024421
2.24070642151
2.01420054153
1.31561308723
2.08172277664
2.00652872033
1.541462562
1.48264096927
1.71632546434
1.8840114708
1.87698951504
2.39437463403
1.74397669848
1.43006879936
2.61896873557
2.44902565338
2.02778725309
1.37482776402
1.72513920664
1.60457430389
2.53609913198
1.53146442357
1.50881450417
2.6150813189
1.72748973171
1.50975561217
1.69339726504
1.51639243924
1.56179632322
2.01511230791
1.69292409676
1.21845236988
1.87710806203
2.00552676473
1.738425479
1.50529832288
1.30033432046
1.95220844339
1.80324270105
1.78192788813
1.76675349566
2.16789814424
1.56483123594
1.22501302107
1.96778587133
2.19961648417
1.20622232253
1.60148917532
1.68223452092
1.32597598622
1.88957715991
1.56435766258
1.31296909614
2.08034405698
1.8578775089
1.79962453524
1.68215446114
1.52896003244
2.06389506769
1.57731798565
0.98617928745
1.36839902911
