150
9999999.
6.63012305588
4.47375292899
4.77329943387
3.9639143509
3.25084814406
4.26953914816
3.67089110422
2.9080970393
2.96917791701
3.6977118739
3.33815859297
2.91816013258
3.18326172645
3.33091387746
2.96828232689
2.4308539196
2.84071988509
3.2323816982
2.79220995412
2.63849159917
2.20643528415
2.5673925985
2.67004120842
2.73866839311
2.8953206737
2.90422972081
2.74150911141
2.20348992279
2.15466005778
3.09746686841
2.28211572796
2.67238171947
2.46545292696
2.1232609825
2.46485647425
2.19681419775
2.63969800543
2.3733575782
2.21308866064
2.08673935099
2.57545808006
2.30409676737
1.98073166593
2.21106252087
2.62278513573
2.1292258905
2.18870217879
2.6705143978
1.32726904875
2.20887456119
2.62451655543
2.74175810495
2.64961538127
2.0071710687
2.05477068372
2.47926269732
2.80219865531
2.33415478316
1.56326927927
1.79679627787
2.29195486006
2.81188522964
2.18946270351
1.55140948564
1.81169795326
2.48813788481
2.34387616185
1.88233374819
1.81215555219
1.68601115522
2.06143387163
1.73135248256
2.44189612961
2.48720460599
2.07180789085
1.65342719524
2.29481106496
2.06478548956
2.15712516536
1.33996883666
1.92293661492
2.30332199709
1.960517573
1.87842341908
2.07590878981
1.82137405799
1.73801725404
2.02942270008
2.52922031952
0.803830413898
1.81020331036
2.63047623334
1.86843211133
2.45283547276
1.86243262154
2.3536876592
1.98353371458
1.47774264154
1.72765890313
1.49946140388
2.07062118337
2.33124638001
1.46884107674
1.7737114646
2.35662965172
2.439194756
1.62113463603
1.616254516
1.88857552184
1.59455565643
1.27664011073
1.6753260347
2.29829156143
1.89223482466
2.30279683726
0.95871159237
1.92480287775
1.9646163018
2.20245134646
1.1218511546
1.65786548247
2.14889146517
2.10462227584
2.17996927261
1.6814981981
1.45778415674
2.21676743511
1.70694274313
1.45692561865
2.03053597193
1.99415198445
1.7537963388
2.16495560576
1.84474996615
2.19394567943
1.60179659755
1.58146574182
2.05665400605
2.17720326458
1.08885459187
1.3337041888
2.15812525167
1.24660690202
1.84822430474
1.79991502703
1.9303682731
1.95639268701
1.75970291829
1.76858134257
1.56159385044
