150
9999999.
4.93664187973
4.3573781317
3.60017344626
3.12249114247
3.25103175172
3.22129974413
2.5352074811
2.75007997467
2.32773903385
2.29014395234
2.36543981765
2.65691624872
2.15378236946
1.94950314891
2.15793226767
2.14245974375
2.08413500829
1.99559435228
1.6591395378
2.07891738293
1.951497151
1.94966306671
1.92490556213
2.01888196094
1.99144210482
1.74990177187
1.69264266659
1.72739679118
1.81200398836
1.67415395272
2.11391643579
2.06461869565
1.70902323751
1.74146361643
1.81195353608
1.57872344588
1.83686698394
1.79967648075
1.91842117363
2.03891312441
1.51673893184
1.46505667332
1.85463550596
2.04546158524
1.62917452917
2.037601917
2.07581597118
1.70047182466
1.47021237697
1.73646276002
1.74516630686
1.85640595029
1.76666218754
1.86670767536
1.70962735548
1.60728691524
1.77145019849
1.80726082326
1.83249761412
1.69200842395
1.81722983557
1.74510402193
1.52845583418
1.57350459726
1.76715752751
2.01871731465
1.81327476856
2.2670325472
1.70545076034
1.70547664272
1.59506605497
1.81231719577
1.56517176923
1.51616629067
1.60226424564
1.86822579162
1.6834759806
1.71858832521
1.53665514836
1.60941360011
1.62439756554
1.53141172395
1.7488659065
1.82955424795
1.70352007704
1.89440407417
1.66112245661
1.60537511457
1.62230517592
1.57548649655
1.71163973939
1.34734838713
1.77277010337
1.64024049378
1.39416299352
1.96916301095
1.35546319606
1.96120968421
1.73542456637
1.44441841664
1.6939412675
1.55041680233
1.50314132698
1.82645231001
1.61325916655
1.90910339589
1.4740586459
1.51356207338
1.83278483359
2.15757782337
1.40441452928
1.2913348438
1.26267374182
1.81355310842
1.78375253597
1.64565590682
1.60211016734
1.67094461496
1.57485709179
1.24758185485
1.78914682421
1.69286017364
1.63712928423
1.53752653004
1.10650370392
1.67220081688
1.46122464555
1.59664800125
1.64847270192
1.74809937203
1.4318698482
1.27853435989
1.75385631274
1.5015008956
1.27677046974
1.4722449172
1.55113873454
1.70896118621
1.64277591398
1.67440215337
1.23845129928
1.21169108101
1.36326422439
1.23046981549
1.62336501157
1.24867261175
1.25241420939
1.54042638256
1.62306671564
1.47581443529
