151
9999999.
6.20944977977
5.00555293039
4.93696488952
3.94971226108
3.75920989855
4.27919450597
3.34941588766
3.78066317005
3.35697920959
3.39079328154
3.36203606297
3.45548874785
3.14891270662
3.42554971811
3.29595632986
2.75161022243
2.71227072457
2.66541004659
2.76765005688
2.9829252046
2.74739981652
2.57946370078
2.73508581879
2.42553941368
2.21824488538
2.46469420124
2.89299832107
2.65305655522
2.62387429715
2.3479504604
2.73428860051
2.12308128183
1.87421180272
2.30268970146
2.33252849647
2.43012463968
1.72457936535
2.20583240627
2.48139524569
2.28063803279
2.00171916656
2.09003950358
2.15412691674
2.48931337545
2.20234715084
2.05238038106
2.0554270191
2.17132056389
2.09948250224
2.00219301946
2.45026811557
2.52109501069
2.60845642775
2.41508073375
2.06880017585
2.32819664515
1.9449156454
2.13276004763
2.63155322759
2.04149421203
2.53412244461
1.90815542632
2.33463108077
2.27657287053
2.05763265567
1.97060321117
1.74066763223
2.15821309425
2.02127394914
2.24071162984
1.71912548991
1.90953096837
2.00253535204
2.34111593609
2.33238638209
1.92749020733
2.12116010825
2.02356305211
2.45000123137
2.01514592588
2.11806455244
2.07336486197
1.94250823866
2.19935641241
1.7068105393
2.28581322654
2.35171922347
2.0673734342
1.70299066792
1.87549414208
2.15039617799
1.89332020897
1.95038208486
1.94398752699
2.27972347057
2.12159900308
2.30949457702
2.02005964558
2.11487644205
1.90430628207
1.96901632365
1.83796395983
1.73438909294
1.96493351203
1.99428161015
1.58335316741
1.89313719642
1.81129742459
2.01655135052
1.819186542
2.52149524337
1.89651781027
2.22587584073
2.26619440005
1.80770918184
2.05839473291
1.98506292371
1.67524510367
1.91122695016
2.17202801747
1.95679566127
1.55145164812
2.09174238262
2.33323280135
1.95701411046
1.81861865481
1.64209426859
1.56281646386
1.98340542168
1.94767019958
2.15330669014
1.94095522402
2.09987834613
1.9247353954
2.03520780106
2.15590405401
1.86534318852
1.83758204499
2.07433226434
2.126537418
2.26123569905
1.90773081658
1.62373011353
1.67200504099
1.86724443675
1.84477457112
1.71932022666
1.45710082366
1.72609941321
2.04910662569
1.75786839899
