150
9999999.
6.0981468598
5.13845044217
3.87504686732
4.05324754232
3.45103937657
3.74717823085
3.27824703804
3.41615518115
2.5760768334
3.19574753726
2.76143187506
2.46224631704
2.84556518706
2.65981512869
2.24784263212
2.81489318586
2.67510772278
2.10022724981
2.49543933464
2.66395099465
2.33904777432
2.29612717214
2.09605687514
2.08826619377
2.4474127405
1.91522642824
1.97241707221
2.19969259724
1.64128351353
2.14921802706
1.83992395654
1.8833804404
1.56456398581
2.20497545283
1.75136740639
1.82324665444
2.1873755411
1.78256299396
1.31800046494
2.02560077834
2.11187951148
1.25091409654
1.91280431469
1.61641435027
1.78557836955
1.73257065042
1.62478717614
1.47294387448
1.71652216339
1.63757201089
1.74939897847
1.62675973774
1.80909559159
1.153683544
1.52748594379
1.82591478233
1.45880780974
1.5505600577
1.54125982445
1.55221189214
1.25127508008
1.47636702291
1.45455077178
1.73012394668
1.41426014732
1.36798112081
1.48143762414
1.66239254074
1.37463391481
1.65278252023
1.43022448552
1.5070541321
1.89507019199
1.24462107664
1.41411566902
1.491267107
1.34056132349
1.20518149949
0.969263593782
1.71511844494
1.16611452308
1.36601582261
1.14473376773
1.43811147066
1.4638478468
1.41563517435
1.27929992675
1.23447142806
1.46755249099
1.22971831777
1.18139323422
1.25551961776
1.01499971592
1.30872346767
1.56889138722
0.766753352368
1.32090695918
1.47734735018
1.30788892253
1.37883281806
0.766296686646
1.27440300613
1.35089433691
1.31717434473
1.33074448243
1.0632596366
1.24123910777
0.820941349516
1.53181523991
1.16630455468
1.59514294148
0.987297777715
1.0294306093
1.27077170796
0.986164371004
0.850250687373
1.77494015072
0.854122221217
1.50447388784
1.11093108679
0.859258005641
1.46266705421
1.10904897888
1.2904313693
0.780872805372
1.60914849749
1.379183309
0.932718462669
1.28493150788
0.948088811488
1.11238723369
1.34791114977
0.963839413093
1.03250472322
0.976045032176
1.02452977754
1.27136772454
0.657796030226
1.05025168384
1.28507929219
0.633467508049
1.07144294126
0.760809335191
1.26694789131
0.974307726445
0.656908960883
1.42525682223
0.735279652513
1.01445158405
1.05137420891
