150
9999999.
0.910592374797
1.60662190591
1.9564549945
2.27148969474
2.48549744528
2.72484061117
2.89643250939
3.03883401593
3.1595420776
3.18143428992
3.19444080137
3.20533058399
3.29625448575
3.47426769798
3.44971022198
3.48550402288
3.50906387505
3.43897430451
3.64989487149
3.68679618286
3.63454066814
3.55803814267
3.62916382102
3.8193490256
3.86378630555
3.82668486301
3.8587760094
3.87899493899
3.88086609633
3.9946978872
3.88932505728
3.91181418713
3.8967924125
3.95084538726
3.99011913536
3.98253541508
4.06667877121
3.99853685117
4.07231489737
4.10290489484
4.10465924124
4.02631324485
4.0718834101
4.14513404584
4.13973649057
4.19285207596
4.14446827938
4.13215749589
4.11698989456
4.14374910726
4.19636228886
4.17935942436
4.22183758948
4.21501053196
4.2353994983
4.20969710306
4.20501785351
4.23158427882
4.39209132817
4.29920306485
4.29049462637
4.2354372325
4.24005657517
4.28159417707
4.25215402947
4.24692828497
4.22981915319
4.22413060723
4.35320135144
4.39866021748
4.36174067242
4.24502336582
4.27329561773
4.41613241204
4.52269035534
4.45156416413
4.46522979355
4.47556270282
4.43376779864
4.38393302755
4.4288231921
4.46072064948
4.50688288195
4.46025650002
4.60236672581
4.51585764867
4.5435169461
4.57587092321
4.55387205287
4.53146432085
4.58612127223
4.47019610797
4.4647240453
4.55250652662
4.71833516534
4.74099027136
4.58122173384
4.53934585421
4.54494863966
4.55323924362
4.58890557305
4.59990218168
4.51071418502
4.61342703765
4.57680895419
4.61324935569
4.63125988483
4.62108189231
4.62419611319
4.57852609575
4.61038565856
4.51382125659
4.68710693036
4.60231387227
4.72011425306
4.76635674981
4.77228656363
4.75909919882
4.68295621646
4.75155659372
4.81828718862
4.70184433183
4.63958659256
4.88594358617
4.8593679234
4.86982923468
4.80327893127
4.83018926025
4.88161444532
4.75646516797
4.78052425304
4.73324469074
4.70672183356
4.72578298474
4.78925062801
4.7348127266
4.79490276453
4.8054972251
5.00886170561
4.97680915782
4.78026167875
4.90448590594
4.93879179122
4.91815533984
5.0785487361
5.03911351799
4.95837204788
5.00577309959
4.99681595636
4.82480678129
