151
9999999.
6.37338961307
4.5362673294
4.17555008927
3.94506190947
3.42322810961
3.02272772581
3.01863726934
2.58900034203
2.82487415851
2.77079726073
2.66115996347
2.8193505694
2.59828076433
2.77483960201
2.49723297451
2.54999932722
2.74289510283
2.49194085988
2.90433225339
2.78364793835
2.3793799336
2.48076736268
2.60808413023
2.4533061063
2.39059537658
2.61886983027
2.23920349261
2.54534355539
2.61698506702
2.42946089729
2.47484409419
2.22023844632
2.36873019397
2.14189653025
2.30321898423
2.24210099281
2.2325839481
2.39079072588
2.43374605826
2.29646718105
2.30867487911
2.36499356307
2.05145166477
2.18707482377
2.47788591207
2.1718024994
1.90090030886
2.1573949204
2.23918565127
2.16414215066
1.79737234094
2.27014932791
2.16229395344
1.94735342526
2.25416443714
2.43575248723
2.0527288403
1.98240365676
2.0672155871
2.26247961617
2.20010587567
1.98814215628
2.16199694947
2.32945091148
1.84819147521
2.26677926333
2.21796507092
1.92690665312
1.95148583329
1.9729003511
2.07247448643
2.04433511005
2.24587817031
2.04363996028
1.92163098106
2.02270029031
1.85988023647
2.10940369739
1.92476819786
2.15862920425
1.6685437074
1.89073050263
2.00104578424
1.98341648492
1.73229289756
2.18515214344
1.75627517784
2.11141041851
2.02096291348
1.89459129738
1.82687205215
1.94417447203
1.67773714361
1.99176234738
1.71779115277
1.74930501463
1.76956938851
1.74966677282
1.86412770634
1.91918523308
1.58036168415
1.52491452878
1.78027745903
1.85078850603
1.67303450473
1.99472183439
1.79591716695
1.88686121695
1.64206157348
1.69547978038
1.99317372894
1.81419133182
1.80120907595
1.35723801828
1.51944518037
1.86619825997
1.53088619339
1.58209289157
1.59168885942
1.75934446025
1.30312636686
1.35129000374
1.66890828516
1.56543446661
1.25977461852
1.75286350697
1.49324797942
1.47901944131
1.55982502249
1.81130074397
1.86037493832
1.60129362084
1.38284826538
1.57214442095
1.64754802622
1.81490783251
1.52315095661
1.21610953787
1.60203621761
1.59809787457
1.44624075453
1.55513916373
1.40302047183
1.18878251778
1.40831142314
1.49301148696
1.3970811124
1.73553605711
1.41647784007
1.33242524137
1.37393100251
