150
9999999.
0.973982785099
1.60758308041
1.89913979838
2.05853287169
2.35036671313
2.39026888805
2.5482562107
2.61754601872
2.79855893693
2.76454306971
2.88765984007
3.09354731292
3.0111968638
3.15884828619
2.99117219447
3.02891241248
3.18750729289
3.24040227995
3.1825667432
3.30607433876
3.33987533172
3.35727640931
3.38394091455
3.41296886486
3.40688298809
3.44416437316
3.59887087888
3.71960309581
3.5631214718
3.52916415467
3.75159745902
3.65578047814
3.55885780697
3.57439112529
3.79984472137
3.66754835345
3.72375348964
3.84202742579
3.87640077339
3.74780947376
3.77864975134
3.89345934536
3.80622677434
3.83932470962
3.93565421447
3.90304834326
3.93711889595
3.97528876944
3.93706312785
3.92678889472
3.89349735605
3.92742341803
3.92499859265
3.99271817147
3.84944531751
3.85877125472
3.89846860104
3.77853494749
3.82460371997
3.79077376381
3.88969522319
3.9011544418
3.94778243659
4.02189152088
3.99691648372
3.96588716749
4.01779261089
4.09016848736
4.07043517057
3.96519154899
3.98545467969
3.99327399467
4.05109043425
4.10954287928
4.09421196345
4.12769706521
4.22215000188
4.24724237369
4.08196220796
4.0729498308
4.14785365834
4.19341402371
4.15608590394
4.07747026215
4.0951113025
4.10127108144
4.1492602652
4.09193846302
4.15159743888
4.04663210236
4.04572187554
4.10292055338
4.10649485734
3.95983822303
4.0930578607
4.18476715576
4.05552577628
4.09285032884
4.16292541121
4.13422618976
4.16859924257
4.07138976367
4.16746254041
4.13348979619
4.14596684468
4.1453271437
4.06356810299
4.14434164979
4.08129804884
4.09174257855
4.18489488395
4.16360814959
4.23752019254
4.27180685366
4.34183624402
4.29513867898
4.26266827472
4.27033734192
4.13991852638
4.32401031161
4.35846028064
4.28054186158
4.34228926932
4.44760120077
4.41256589587
4.28201859068
4.46569643725
4.4381544731
4.62151011783
4.57795301804
4.40768662074
4.51568672156
4.5507431038
4.59776583162
4.56755084267
4.45664153924
4.54818917066
4.638074225
4.45102076732
4.41764048235
4.37426653101
4.38082551554
4.49820623986
4.41551020553
4.58579181992
4.50903218102
4.45745652341
4.48397192225
4.5094242094
4.4947705896
