350
9999999.
6.31029218371
5.28315041132
4.61817287394
4.33041552292
3.77540366019
4.20058267018
3.78606521281
3.35113337379
3.37001207853
3.16515313881
3.09936425781
3.1822830977
3.05283468888
3.14365738447
3.04365565864
2.69344266747
2.62075853738
2.89412502963
3.22447438983
2.64981822328
2.36757206396
2.51221621929
2.43499732711
2.48022025471
2.47192717444
2.58690763715
2.45953081189
2.24660587651
2.11861368733
2.64572463547
2.41001552423
2.50048751151
1.98902733473
2.32659216297
1.94584605882
2.2257929609
2.00361128139
2.27123342359
1.79539994777
2.19108306482
2.10339070135
2.10267468751
1.99323955075
2.11422574179
1.83238784779
2.17003891067
2.01254233664
2.18289428875
1.74921340861
1.92276527176
2.28307808616
1.94963887827
2.23884327832
1.81119707885
1.76497622709
1.91925655786
1.92640479971
1.76515793522
1.72592918339
1.82802585717
2.13751200544
1.55410390898
2.03137047915
1.96139588976
1.59097315789
1.94481174812
1.49390508748
2.45105867505
1.66333067623
1.81078933306
1.27933390519
1.87203819678
1.86948911475
1.8961900719
1.47425124381
1.90776948883
1.98397424513
1.77231812461
1.66956610421
1.85155834558
1.69575975287
1.66364237333
1.77027544611
1.58355280684
1.89258591932
1.59124615494
1.76392769768
1.55466211146
1.47197615966
1.7266734191
1.74813077813
1.62107881218
1.94324383764
1.8584647501
1.73969020087
1.52624312757
1.8191343696
1.80413899885
1.53048698766
1.52913743572
1.43241693831
1.53803221597
1.50014228339
1.65786843306
1.39578687221
1.60242554433
1.83347591425
1.43838193718
1.85014975399
1.84372901481
1.34719721947
1.71238071295
1.50199727781
1.39006151186
1.55740763555
1.71462865814
1.55004180317
1.40249908401
1.6264475081
1.15209316821
1.66545862103
1.86253930451
1.65508940651
1.21454176674
1.6121393864
1.60676883356
1.44772331168
1.80683369729
1.46160412812
1.51714613569
1.47048594526
1.25834334438
1.37721408867
1.35014740006
1.45305107619
1.74471450421
1.30931736909
1.60844032844
1.60921641741
1.38335399655
1.39201892187
1.37516756401
1.69812359399
1.35436792289
1.5852728033
1.31037718348
1.5387186216
1.15991221601
1.21667971188
1.2820692027
1.54417564129
1.48687654389
1.21516667001
1.4946669769
1.39723761949
1.43108381927
1.57227190451
1.23779236119
1.40707759445
1.50309740749
1.4395581891
1.1761956244
1.21247032729
1.28110416397
1.53046395689
1.47986843705
1.61748330626
1.69563936279
1.44585348644
1.2243443345
1.50836855159
1.330984862
1.31484902938
1.67364702969
1.66371234285
1.29448240246
1.50056304841
1.47581828437
1.51468891252
0.989674281476
1.39761786028
1.20463325406
1.20193473649
1.76326686844
1.78522314449
1.30875125744
1.44096123855
1.20106622662
1.35447948606
1.17675535825
1.44438280413
1.36981645397
1.15000925128
1.42222632246
1.64705194027
1.50649533511
1.26960541473
1.27543075459
1.12551964119
1.0612578217
1.5311337535
1.59151174555
1.39827149309
1.06242551975
1.65195778995
1.36590084062
1.27225625455
1.1847016113
1.22591889969
1.32967969902
1.20696413529
1.34701827318
1.18220068973
1.64864264923
1.22188343286
1.36702169332
0.997911171126
1.28007351201
1.26655167621
1.28972966099
1.10034429231
1.21795132584
1.47118597141
1.45620459189
1.35061017274
1.20406958509
1.3748285632
1.45699433228
1.23496646769
1.14399086713
1.27405595262
1.14986602135
1.15405351567
1.49361586674
0.906240264417
1.36223439844
1.1281982744
1.15385163665
1.3152153409
1.02649550278
1.54029036661
1.30756772135
1.18703828212
1.30498580181
0.741642013126
1.39543903821
1.34066142257
1.26460068319
1.05071944434
1.31179343477
1.24421505824
1.25104528941
1.36600366394
1.18583102249
1.17658344587
1.01940346726
1.01895495782
1.13384703979
1.27103207807
1.07606706897
1.39526425508
1.08907858354
1.34696457674
1.07624528721
1.28122075564
1.02636382412
1.29315563173
1.12398776383
1.27949261203
1.21013354171
1.19148135554
1.2112984716
1.11557643011
1.14457491877
0.878610605853
0.611032256736
1.54004855566
1.01074624348
0.722648043824
1.28305691543
1.01189309143
1.30774523835
1.32483063074
1.22589888819
1.02351244069
1.12232959913
1.07906381518
1.61373651976
0.908519580034
1.19851195525
1.15259234937
1.27333385448
1.14675969506
1.21993158527
0.770429704058
1.21466044377
0.931771316875
1.12286677008
1.41934418859
0.751275864364
1.45393017546
1.37150793527
1.46279753386
1.36766269201
1.13079775041
1.12107486689
1.24179871072
0.722516691
1.36961505396
1.35723734048
1.02369052119
1.02208185907
1.33133287514
0.931882209156
1.2450418378
1.10833976644
1.02273742318
0.860106910041
1.37249073339
1.29887917154
1.33394493136
0.545059891388
1.21572309545
1.14218949855
1.19092764315
0.937297645957
1.01487066664
1.19660149447
1.04941751092
1.06591979648
1.03626378346
0.917102682704
0.956823855647
1.2503060659
1.02505582454
0.982719586646
0.972399768098
1.14533449154
1.01973036397
1.02019746459
1.30906210323
0.929553985673
1.40035801351
1.21309092153
0.80544871228
1.01204064005
0.846855610705
1.02822377999
1.1251370594
1.08883611036
