150
9999999.
6.36775213197
5.50438547381
4.98649217686
5.15750885814
4.1870663663
3.54368152891
3.51851847388
3.94479890507
4.31199565088
3.32551483161
3.2162577813
2.73734751065
3.92959008764
3.99078812974
2.93781153283
2.6759241471
3.270971889
3.36593441784
2.76922343836
2.59474116074
3.39121389399
2.76436488079
2.25063380661
3.35460931235
2.56384565539
2.28094107166
2.9957259643
2.96001595951
2.55788695519
3.02551159583
2.57734705215
2.51104614267
2.29740579087
2.69637614556
2.97211484147
2.76477332647
2.57159104898
2.90612565987
2.31244877745
1.90174445093
2.20041498869
2.96314201553
2.38314561132
2.21155419218
2.64808459775
2.03559896516
2.27040070708
2.46654413365
2.54041023452
2.25952279613
2.32079758771
2.59149700477
2.26048499392
1.92962200251
2.16900556836
2.35237051019
1.97839337187
1.92490751849
2.43333341664
2.32439080507
1.892155448
2.02461629178
2.20458957207
2.15254231794
1.76753822085
2.42063721856
2.27841786801
1.65763429353
2.32647889626
2.12810040688
2.11941039235
2.14453689057
1.8950471524
1.80982338007
2.08603502468
1.70880084979
1.68336629978
2.06865573488
2.5269467952
1.48665089745
1.41313886299
2.10109401943
2.24781107162
2.67875656783
2.01351850804
2.33642366115
1.95507672087
2.09696953024
1.80909628289
2.24862118838
1.5100289438
2.34977132076
2.15394874475
1.80586204646
1.433166193
2.28705031514
1.82184548092
1.47908390012
2.32172607346
1.91287243713
2.16776311314
1.99898880103
2.10722480833
1.72028037581
1.53425972776
1.59379059075
1.84487912835
1.8531230347
1.6649665368
2.22522485989
1.80660532088
1.43617340708
2.07436539561
2.15005419825
2.10680425838
1.38821277284
1.40337118258
1.87355014435
1.70991699774
1.84271324452
1.57273742703
2.28256043266
2.09074711672
1.96233660675
1.40940602004
2.1378431955
1.79224799675
1.85282193366
1.33922018542
1.88578021463
1.96849240987
1.90055727439
2.16670799872
2.11353806646
1.40581537201
1.26046491235
1.48263197889
1.99718117753
1.91833214609
1.70966888757
1.66956939567
1.59659675366
1.51570115716
1.26209154699
2.01791958972
1.82301109081
1.1498066886
1.81768497792
1.88366309423
1.76391518717
