150
9999999.
7.30515034511
5.24668119006
5.61459201306
5.84707298633
4.2324466464
4.34910666046
4.30989652173
4.09734164748
4.27557456845
3.81325385751
3.49270251985
4.13105903774
3.86124842972
2.65858451094
3.99495704722
3.63382422291
3.16408312797
3.81148509177
3.63399918064
3.93978239689
3.52483736889
2.65017644083
3.11944804363
2.42652833594
3.21732940572
3.00008890228
3.30501598259
3.8272621577
3.09135116227
3.1006513233
3.16200969149
3.10847025716
3.00242167382
2.82239891944
3.12346259146
3.69364398132
3.11264869869
2.71714512178
2.76891878387
2.93222184045
3.15477522352
3.05508354498
2.96599137593
2.4187627002
2.71075090382
2.74547870311
3.12704326447
2.41298829684
3.26225328003
3.53543449027
2.91089585665
2.75755151275
1.92670091327
2.9210188403
3.03015191432
2.95112911141
3.38979776575
2.86741600656
2.26681547719
2.42719443161
3.26887857234
2.93367724888
2.59617063981
3.13773354062
3.2699040715
2.87575213585
3.1394765644
2.74645694795
3.53894523596
2.09013399637
3.03749221769
3.33445405041
2.95607607274
2.7596981152
2.96143958611
3.00343548742
2.74308852817
2.2338986041
2.55074724666
3.11074914169
3.02071766663
2.18050277786
2.72243133004
3.1874309469
2.73752237988
2.32332808571
2.89260059207
1.89369154089
2.95033466391
3.62495546384
2.12916861033
2.26315555357
2.66253065908
3.08878214585
2.34027025631
3.19333096334
2.5299511635
2.35638618395
2.58568046399
2.92554412356
2.36963365864
2.58153433601
2.64566760276
2.90369282049
2.65457264121
2.5267597838
2.36761323396
2.58799861251
2.74798748182
1.99879263221
2.79496847444
3.17039702401
2.53178415027
2.04111052413
2.39750093849
2.3984406244
2.89733574033
2.76997924498
2.38653503719
2.51533268196
2.6697672411
2.72618559029
1.6764508977
2.14460792105
3.07010576133
2.39936882606
2.67266824313
2.04806909381
2.30532148727
2.80416129825
2.04407350184
2.81287995292
2.6688265193
2.04587546722
1.80380316606
2.9547455322
2.45477446013
2.10827656745
2.02319108145
2.59735313131
2.27952851974
3.25110352551
2.09548445616
1.19992094864
3.11726966378
2.17068670448
2.75334576775
2.96363017717
2.07252604359
1.68873131635
