150
9999999.
6.76748246779
6.04299477932
5.22757388511
5.402484057
4.44790061195
3.3323166498
4.52564632228
4.4145596874
3.26666453397
3.25708377246
3.04475789197
3.83069107329
3.18687817945
2.93991440992
2.83236249146
3.16362035196
3.11291475809
2.73621297377
2.65516131978
3.02304553761
3.08354572678
2.8722388955
2.77504334488
2.66273156701
2.61703093909
2.5392577301
2.67227359598
2.85387883296
2.68186434614
2.45708986982
2.49171566322
2.45915248354
2.43615854661
2.7151154898
2.2019323376
1.64540672612
2.81389169759
2.33802599085
2.10933378601
2.02216023642
2.54341449458
2.65689541988
2.53758138932
2.05949948524
2.43943560253
2.28790728207
1.99983122454
2.3975790176
2.47441864304
2.17279497502
2.20061638669
2.31394005655
2.20475236488
2.00713946885
2.45023785887
1.9048703512
2.23780017758
1.80549826686
2.25628339613
2.01480461651
1.91302313474
1.98198045942
1.97636527734
2.24575981665
1.73780760885
1.78125316617
2.00902416807
2.41441388513
2.33820780617
1.7102990302
1.6436902327
2.30043343248
1.97402712137
1.77218631612
2.08899726034
1.46111743447
1.80254252898
1.71501184429
1.99183333168
1.77454147741
1.91172357189
1.39324864638
2.06328683909
1.63978442785
2.14000309957
2.02531738975
1.92245957235
1.87046359078
1.7148485805
1.67549289439
1.73682534089
1.9528142356
1.74504988044
1.46314013625
1.78777346917
1.74645854917
1.45089405823
1.60829010537
1.90682278786
1.76192464213
1.84325845701
1.54630235921
1.67759077934
1.73595964589
1.46103903759
1.90804195363
1.46869421726
1.88574012368
1.91267478588
1.70578853785
1.8234800963
1.61453029964
1.26229650984
1.89358422451
1.15457243629
1.40367349338
1.77059714875
1.48908327582
1.60610085506
1.4971189973
1.7933875619
1.50238578783
2.04306590939
1.52974650964
1.39942718501
1.61734205019
1.5010486704
1.33205000944
1.65895593617
1.68872897857
1.85614249487
1.30058360599
1.30012724436
1.5302283892
1.3408571603
2.20970803636
1.55199051296
1.66737076562
1.35765118014
1.86631260917
1.4197654943
1.58586099036
2.06462030723
1.06574975928
1.66969258669
1.15299950707
1.67522542544
1.36546628195
1.38292110559
1.37441542223
