150
9999999.
0.856495821985
1.31405486319
1.65879169588
1.81969239398
1.99247712469
2.10400457021
2.20415090696
2.38488388997
2.44338122199
2.43521658231
2.47946104304
2.64957210656
2.80618276065
2.76245116977
2.69859217521
2.73140698236
2.79857603947
2.88552650938
2.77682042819
2.75190696148
2.83425793667
2.86439454029
2.87842899662
2.86525416803
2.97103980984
2.98895479942
2.91632390099
2.9059678487
2.88706394622
2.96411004654
2.84869730723
2.88172042337
2.95842784981
2.95207805394
3.03885770664
2.99732163444
2.88223335003
2.98383068751
2.91654826047
2.96394490988
3.09819673491
2.88465856401
2.8299501384
2.9597474163
2.95264767099
2.89862018505
2.91396781001
3.03758982809
2.96652779862
2.97885747614
2.94386792753
2.91184934873
2.97359447712
2.91898344555
2.98252280242
3.01709352071
2.94816163894
2.87364821238
2.99682010244
2.99718087532
2.91893235155
3.02164821985
2.96275426009
2.9193329388
2.869114727
2.89231171504
2.95147577442
2.98576201084
3.0252268321
2.94612282685
2.97608067141
2.99006744498
2.94322345684
2.97374636842
2.85439797445
2.95402382943
2.97624180692
2.96606302904
2.92354245538
2.98880108221
2.94292756924
2.93924080472
2.89526274776
2.84143515768
2.95519016177
2.97407282121
2.98185315998
2.97848716321
3.03081089653
2.98192483695
2.97698123937
2.94169585362
2.91798149881
2.9317587147
2.9447916476
2.84208258738
2.97829707926
2.94739305589
3.01648919564
3.03233135451
2.99028129121
3.02260494311
2.93336583015
2.83419001488
2.93906787594
2.94014262146
2.98019456761
2.9133635152
2.86229362103
2.92765783506
3.10939285568
3.08602889075
2.95640693014
2.90013399876
2.92911802188
2.88335617063
3.05193675089
2.9194265383
2.99011075105
2.97090770172
2.89823400783
2.97522128928
3.05379051177
3.05930668153
3.04163825553
2.9180987704
3.01490295098
3.0132857458
3.0451736686
3.08114135592
3.0929325486
3.05154187655
3.00016963341
3.15640004705
3.11842415876
3.02883880702
3.06975725968
3.11184519961
3.12849693519
3.22593935937
3.24580066819
3.17734300138
3.23744698553
3.16145762298
3.1752444089
3.21579544592
3.14856314409
3.10174011714
3.12408307493
3.08985671189
