150
9999999.
5.93493411336
4.83937366634
4.14086061194
4.10362907043
3.79549382462
2.82005383377
3.94433230902
2.98799477085
2.86614082
3.37681691834
2.8710167663
1.85200287416
3.01969015845
3.48916755629
2.2918985248
2.43042051093
2.18131669248
2.75151452227
2.4733230336
2.4996480163
2.35637517583
2.58221266597
1.83850039805
2.96184648818
2.44731418355
1.95461249092
2.20745058961
2.55924672668
2.31159588413
1.336358328
2.27707334556
2.87442178479
1.73225396424
2.16415207598
2.19548201138
2.00741234195
2.12335557791
2.10160944748
1.36072392774
2.14727631053
2.08200056927
2.40159150785
1.8984238726
2.43741722224
1.88481088478
1.83410446293
1.91938812649
2.11502850083
2.30924752077
1.63206185914
1.77004894844
2.33125506771
1.83969613058
2.01682804089
1.97399874145
1.89048391999
1.69821377825
2.14494026363
2.28373022169
1.61302187965
2.50710401631
1.83499409893
1.98032994107
2.11066382823
1.85286844471
1.62561622709
2.17966526502
2.04054849135
1.66609229653
2.40833779179
1.00393106204
1.94413265127
1.70267681269
2.18710487987
1.7058020619
1.78202853813
2.02226743586
1.50810248542
1.83098526572
2.11987921378
1.74233341749
1.93885028529
2.09590500948
1.71060115211
1.62620033224
1.85579015585
1.70591175334
1.37713342677
2.03566619987
1.88798860605
1.47176927046
1.96458463711
1.55266719328
1.2387334871
2.12105935329
1.6767520209
1.84686066549
1.74195152494
2.03457302279
1.53445202769
1.46973958357
1.71607385114
1.53078938048
2.20466554799
1.69443906624
1.67990427941
1.16247648757
1.27153351474
2.00797466261
1.79283764301
1.54672026824
1.17211331903
1.79596021018
1.80371074878
1.13384118926
1.71710656449
1.51198215446
2.06636717629
1.14627252141
1.54403158024
2.10480192389
1.64944466398
1.04756424678
1.53907028905
1.97805862106
1.29734787509
1.30192056959
2.00111564664
1.31688649577
0.854848105033
1.96132248894
1.85986960446
1.8664083587
1.43841184065
1.54479037271
1.03514038052
1.41614595796
1.40204950052
1.71852988561
1.6433925809
1.51596059619
1.8405709977
1.22740865981
2.00610575722
1.34384734613
1.21304086181
1.49919741509
1.60048445126
1.5030958098
0.804771824166
