150
9999999.
6.34114058027
5.01074732151
4.47794591167
3.96046102298
3.80289147814
3.35786717805
3.36175858949
3.14467893879
2.89269220162
2.7358949097
2.4626240283
3.01228432394
2.79868135432
2.66762220873
2.64015296072
2.46198343289
2.17454991698
2.38922304597
2.34017538398
2.24231161533
2.40336334323
2.30649313864
2.44609032539
2.15670040405
2.07651256612
2.1081491511
2.035657177
1.90886086532
1.92146211933
1.87486921442
2.15619312857
1.79161152459
1.62395804052
2.04696252683
1.95055728655
1.55249531031
1.68092646805
2.01412460143
1.98047028288
1.82218235669
1.50941490408
2.12439204073
1.84697533219
1.45078120376
1.66160136465
1.19448579343
1.45228702088
1.58915226322
1.5506010539
1.48628764559
1.94672541718
1.53761144191
1.30549095067
1.83121918684
1.42058191706
1.42691033576
1.35565982419
1.45253730669
1.50911563551
1.28885923019
1.61352635149
1.47950828729
1.77163349587
1.4956974249
1.65123963295
1.29075961911
1.53502658555
1.75503715781
1.46983466988
1.12174318492
1.56037761194
1.29059182646
1.70566160401
1.34938285261
1.24382310109
1.42947631846
1.18835008147
1.55940296449
1.26646075723
1.59736393446
1.18543445398
1.48585077714
1.06385811474
1.40729228851
1.38977605336
1.07619292037
1.43196239513
1.13409884718
0.942656865537
1.32965477557
0.963145869767
1.04685408289
1.40784822125
1.41353337141
0.98351158312
0.938380174862
1.24206657788
0.947703911064
1.308259286
1.17297309958
1.05857308002
1.2207867485
1.19968686113
1.17945907757
1.30983484342
1.18477175836
0.851393688688
1.25368376525
1.05979460788
1.27693017823
1.00388173081
1.59259805423
1.24046093762
0.850712722992
1.37436181477
1.13043790139
1.39329797722
0.913589854004
0.930913513822
1.20661375281
0.959635001534
1.03961585065
1.16338024572
1.14756692292
0.919427636097
0.979268423816
1.09092973219
0.9561496202
0.707932835778
0.802102794158
1.28448351993
0.991145223354
0.844052206485
1.35393616043
0.697233594686
1.16357050748
0.866033393221
0.911203122647
1.43180191345
0.637143373189
1.23620484851
1.12845777679
0.863961362216
1.08542286808
1.24994616879
0.814832050501
0.899358737513
0.795931782368
0.632113802798
0.701111379835
