150
9999999.
1.07125423018
1.93897292343
2.33388596049
2.89060739529
3.18637435893
3.71241042482
3.71806180704
3.59186242971
3.89573563473
4.31310867315
4.5060261861
4.20441974833
4.14736358693
4.57091344446
4.74869682592
4.80713933297
4.52960126718
4.62552389261
4.94674707086
4.8885116894
4.857360598
5.05141959722
5.03467615484
4.95095968739
5.16527079937
4.99770465953
4.77639683568
5.00570536857
5.11055206765
4.96204028903
5.1080403008
5.24047061306
5.15315220591
5.04680319971
5.1626196938
5.27561316875
5.22582594286
5.20323223384
5.34144441747
5.42341131873
5.20823700263
5.30672277075
5.41282854714
5.34573987884
5.51074678305
5.64057169153
5.40388749128
5.31115550259
5.4566999332
5.55876967801
5.5886453934
5.45590724027
5.55185248641
5.44632122686
5.57955122395
5.54432263503
5.5314690159
5.6431479504
5.39292172809
5.52527489862
5.77765021562
5.75567494037
5.53382348768
5.6142469693
5.47948234633
5.42979996332
5.67822976107
5.74785371139
5.66034274921
5.58997957355
5.63513265948
5.69909433157
5.7658132545
5.75141475369
5.5645264979
5.64670321469
5.74173732746
5.62902547998
5.63437029354
5.8264116676
5.80759555141
5.51256999338
5.34673100371
5.59247691586
5.72447215558
5.71844594807
5.83327359455
5.70670237407
5.83482736676
5.9816850688
5.95443020929
5.65103763796
5.78112525414
5.97827748315
5.94050133246
5.71773893845
5.72679405096
5.84659370541
5.75275265803
5.80570160099
5.81514434229
5.94482701079
5.95336250244
6.07201947269
6.16638335887
6.08087783891
5.92070474791
5.83559934585
6.18753780129
5.89365260971
6.11908901836
6.10390224292
5.77143907383
5.85898421144
6.0781465887
6.21254657034
5.99545278439
5.72303947131
5.96754084747
5.92527124445
6.05062544726
6.0772191682
5.95730004742
6.10211573028
6.37967677356
6.242656317
6.11089422241
6.06648279264
5.89456536117
6.01367165575
6.0280391671
5.96067960772
5.99249686712
6.12035866555
6.37763280392
6.21886523354
5.96431046484
5.90968179339
6.18020886277
6.16936665962
6.1769274705
6.24317330846
6.37854582456
6.27356013871
6.00752002372
6.16815428702
6.19175744577
5.99438073957
6.11177212044
6.13089990733
