150
9999999.
1.18492898891
1.9482201046
2.61120139771
2.86292467202
3.28265988297
3.71194499526
3.59743204042
3.63964999727
3.66230944342
3.81601343196
3.87597985417
4.12070618454
4.22875543125
4.2150167383
4.26734995898
4.37147301678
4.39111371242
4.4713698754
4.60426546445
4.75186677142
4.56557986524
4.42372015378
4.47302197926
4.52844144073
4.6140530432
4.68215756016
4.9173720386
4.79401779826
4.71237799387
4.84646532055
4.97731375501
4.70120458887
4.77269058986
5.01352637722
4.94634106567
4.910651438
5.09797009147
4.9292986345
4.98728422372
4.98978925379
4.83024533225
4.80076442783
5.08050290933
4.73984135727
4.82378185633
4.90787362896
5.10513933543
5.24400782539
4.87702859514
4.93187288704
5.31427880473
5.26530318033
4.95268389979
5.18334155541
5.36077496974
5.168502584
5.15515089284
5.26754030837
5.28600731163
5.37448549934
4.93442646237
4.92685814339
5.21343275464
5.50014404649
5.37920841402
5.28908269269
5.34696302574
5.4083935919
5.44964426356
5.41219475134
5.45987600446
5.159125425
5.13220351179
5.33637059462
5.35304916848
5.35713857375
5.43557232696
5.66427957519
5.39102651093
5.43920366194
5.63847589854
5.37433542358
5.17234449844
5.4321762142
5.55524338974
5.5476416809
5.50418371758
5.48807705032
5.53962908162
5.55681863528
5.63431291208
5.57049039742
5.51444846365
5.55988690383
5.53064386095
5.65791567271
5.45172589583
5.40378682776
5.41405452586
5.5376508029
5.69791531
5.61205074158
5.38400255419
5.63346912453
5.76751131513
5.79313206583
5.86135759636
5.69062351104
5.70552970204
5.86811948645
5.55751165596
5.61466518493
5.87308691951
5.82192665941
5.86754732351
5.83349839803
5.70179261969
5.60002927207
5.97474790009
5.99484870842
5.80206186658
5.72865337345
5.86377513135
6.04778547421
5.84659584041
5.83423346134
5.93856180459
5.77000923576
5.73170103694
5.96485534285
5.99621286882
5.97713050837
5.84945841343
5.94256663873
6.0151899873
5.85498529875
6.03197316977
6.01723380129
5.86852381568
6.11610057515
6.0865191648
5.92673854112
6.03893996358
5.90847178352
6.07237903232
6.07628813577
6.03451996162
6.25554180397
6.22981516781
6.00953820782
