151
9999999.
1.26043096337
1.82569907441
2.08010462152
2.33891568157
2.62137346848
2.92473303682
3.02107328784
3.07944907593
3.33351930076
3.29126973794
3.26396589135
3.36358795522
3.45992054265
3.42910007349
3.57068014336
3.50510457943
3.45456436115
3.5510872411
3.64494641218
3.71210556375
3.63754463908
3.70324120183
3.77306368239
3.89758398363
3.70795851643
3.71502722931
3.71516405945
3.74116581158
3.86894603126
3.96797185454
4.13374979121
3.98755696719
3.8628368179
3.83178427147
3.85935453668
3.90425450457
4.11788021755
4.19003652142
4.05961669875
3.88203945307
3.8710053145
4.00264576826
4.05901370424
3.89040756489
3.906647813
4.06975960146
4.09674254654
4.0122853523
4.07018252281
4.04827015138
4.06932470699
3.99532940419
4.00061123131
3.96624667723
4.13498747055
3.96826777782
3.92559975614
4.0871329579
3.9966278412
4.1048106647
4.31526035783
4.17462381411
4.0158434002
3.97922830909
4.20987373641
4.29161980685
4.26109329915
4.25889572748
4.14178754053
4.16248841651
4.23807951158
4.23790444923
4.11944481138
4.18267659846
4.25009235595
4.34995116197
4.35644464606
4.36525409652
4.36676430446
4.28318369443
4.3950388309
4.3581767656
4.49763328128
4.36931852883
4.29453854417
4.26912104039
4.38177004025
4.34830804509
4.32667329876
4.21427354226
4.31264309124
4.4369701266
4.43137103284
4.27476465164
4.5566182903
4.54867199554
4.41610751896
4.52658391021
4.55929064198
4.50214986341
4.47129865482
4.49494947962
4.53068782371
4.5377094473
4.50856143897
4.60128722763
4.53012273384
4.53492369136
4.67565931853
4.80610456617
4.66040864242
4.75524480473
4.74258847047
4.53984602548
4.5603713432
4.68876614506
4.6165275227
4.66133319093
4.54228990419
4.62085751364
4.65591184736
4.75906014413
4.72337269285
4.85657181543
4.80507879868
4.71320097767
4.6874793741
4.69056822715
4.74016936678
4.9098723309
4.98600083104
4.69719627875
4.72026197961
4.88358893133
4.99118658121
4.89673371746
4.91078592502
5.04766000947
4.99793580284
4.83808478371
4.90990174556
4.90687004352
5.00068550555
5.01163919086
5.03168939175
4.97536113101
5.02964871869
5.00664447429
4.98206213992
5.03388306168
5.04566089954
