150
9999999.
1.09059686154
1.9639528847
2.33701036204
2.70713221301
3.22880748785
3.52418018756
3.35487865315
3.75941859204
3.92996500129
4.08174876633
3.98867349024
3.97675020799
4.21496229591
4.31936458343
4.11875157807
4.12522672722
4.27410554665
4.5386151975
4.4758018405
4.31415764335
4.409969803
4.50693421093
4.74759374826
4.68902400463
4.62463813904
4.67701581336
4.59306489818
4.53905779725
4.74358715424
4.76023877069
4.77439827981
4.84095086556
4.80967818093
4.97862441552
5.01662819273
4.86212696987
4.76911087383
5.03790242763
5.02726983086
4.91508015458
4.92579945282
4.95266034754
5.18785062604
5.17576200927
5.13219819601
5.22643446032
5.10453812041
4.98078767897
5.17713643864
5.22364202289
5.16766564113
5.281682981
5.23819234469
5.21087973423
5.16609721237
5.23267342141
5.2237368638
5.34159874963
5.2231295336
5.33944249224
5.41720684111
5.40587794216
5.46498912619
5.4335897483
5.48208770381
5.40562041499
5.32262323698
5.2198749424
5.38415693563
5.56837327485
5.42717418073
5.48580823394
5.63726546409
5.55563563502
5.65870053511
5.76050259264
5.53233754133
5.561577062
5.59143486047
5.54425486665
5.47661401175
5.55707878003
5.52735093119
5.55095557069
5.42216630595
5.51509730024
5.62299407702
5.59248321889
5.69750704237
5.66500140559
5.67167439984
5.70965864914
5.81711603151
5.79328869418
5.65284000149
5.78985365387
5.83707109906
5.67584139075
5.73155739684
5.82941093656
5.70899486727
5.73461805391
5.73086850247
5.72399522538
5.69823444675
5.75187533551
5.74514575733
5.71323356392
5.86430698876
5.78250215863
5.72830841634
5.88101412374
5.73702146336
5.63326452957
5.85813898399
5.90672462094
5.82216789431
5.82152568726
5.76735604032
5.76643540542
5.73206487361
5.87972080566
5.83064403277
5.93906894356
5.94270483696
5.79493321275
5.7668316446
5.89138734803
5.81403410947
5.75265948579
5.83985700778
5.98564517001
5.90904617045
5.96644843967
5.82978901587
5.85483896523
6.02654795949
6.193642172
6.0779879907
6.05943528799
6.07752009811
5.94649730697
6.04516693723
6.07231152954
5.98893069257
6.04065362487
5.97013650756
6.10625124776
6.04255165139
5.99222164225
