151
9999999.
6.3263946628
5.19752769773
5.1775775621
4.4666401005
4.32197713897
3.6948961497
3.73779053685
3.5191753422
3.47145221315
3.02156156919
3.06595222648
2.93760518874
2.67165310831
2.58029538948
2.60522650032
2.03390221857
2.95820243799
3.06094222496
2.41354649208
2.51030663096
3.05944010853
2.94392675281
2.35308325239
2.10746270178
2.24067323732
2.58611150025
2.07973277117
2.4486406581
2.50068834285
2.14137664971
2.0137432511
2.05248541374
2.00944600969
2.26830261472
2.33343825517
2.22724916401
2.49280844473
1.8696428315
1.83119841208
1.97870800836
2.54901858439
1.94624350701
1.84875200144
1.8231656637
2.05660375608
2.0365225371
1.85013714234
2.07675828817
1.93394987983
1.98010991683
2.07973213578
1.87425169562
1.93791245889
1.73518638085
1.59590586192
1.70889448288
2.14031053962
2.16162431698
2.1295300471
2.06033539379
1.87847729685
1.64009066483
1.87669927143
1.99558457965
2.4047430896
1.42070807931
1.91395813152
1.62257219509
1.80048100222
1.91632157339
1.98203697318
1.58522528831
2.1037658593
1.95439941227
2.05327744906
1.88092247232
1.60316570032
1.76871581685
1.68181226423
2.20191126067
1.40133021426
1.5370259241
1.51501948999
1.62080301708
1.79418923807
2.18908774542
1.65045765124
1.27879486398
1.43436459683
2.44976907093
1.67813250747
1.69003263884
1.46516728055
1.97998199822
1.75569718137
1.23310331105
2.04190270749
1.48621356909
1.27581945803
2.01822881915
1.54473528013
1.63616914348
1.25275292021
1.79788226961
1.77095669168
1.36049324368
1.53477143772
1.8870120397
1.38161956309
1.47982979235
1.44556823679
1.39230685207
1.06481603885
1.506145153
2.08555041608
1.45871957065
1.58279835938
1.2693055589
1.56239066126
1.71672941324
1.35942824996
1.29527175557
1.24517148876
1.22048770057
1.24696021809
1.06850332769
1.66537834004
1.52621907939
1.51177413239
1.18685830433
1.03232894711
1.13184743738
1.52425007236
1.83519994136
1.13793284126
1.37348657826
1.27207451514
0.762018887933
1.31812241066
1.44552278408
1.26361936748
1.58360807397
1.33155694215
0.784856540586
1.19439861215
1.25683351197
0.98164678902
0.977779674583
1.39862295898
0.968907983517
0.972963342101
