150
9999999.
0.969961503845
1.46790697426
1.86207965312
2.00502124667
2.09602202543
2.39055120112
2.41186246773
2.56722782274
2.70018582232
2.77882406282
3.00306910048
2.84105176749
2.81921053433
2.92724349832
3.04724133218
3.09847593182
2.963310356
2.94688668152
2.92889520393
3.01037825685
3.04911740376
3.10237362296
3.11808067409
3.27417009074
3.39062875009
3.320373563
3.28713899848
3.37224995179
3.20507238219
3.17199382781
3.33307320808
3.42490227826
3.38837484129
3.53539859566
3.49207341169
3.45035117053
3.35346685234
3.43684379539
3.52540378871
3.58313517825
3.57146930759
3.53902458174
3.55589687372
3.56064012364
3.71878471415
3.52641299034
3.47486834406
3.42618824851
3.51020802667
3.39617581502
3.47475912896
3.53442380942
3.55404017498
3.58110514842
3.53317824779
3.51654179109
3.57214951134
3.68380228102
3.83463947397
3.71175044871
3.74344068093
3.66128466335
3.72277898122
3.60363475112
3.67893278088
3.73530280118
3.72928918862
3.77771440146
3.66682487021
3.64134163259
3.71900064878
3.83772711934
3.83624911055
3.70205429909
3.65295539946
3.76766565891
3.72837045753
3.61191218473
3.75159315785
3.78236751636
3.81045204971
3.85750243688
3.91317800144
3.86705167036
3.82687794507
3.89427321357
3.83635016059
3.86543323682
3.9435181316
3.90614985106
3.94922731963
3.97089354637
3.90297434011
3.90193370052
3.81739821546
3.95719250869
4.07784775278
4.06331676465
4.06903629118
4.01970167697
3.98966305804
3.93692547656
3.95450347448
4.00030458165
3.98941545297
3.93406171752
3.96671809608
4.01914102254
4.00981031892
4.21723660915
4.08062803872
4.11528129874
3.98951200396
4.02624628445
4.02952357002
4.0389549772
4.1369246032
4.20186944399
4.13124860261
4.03429050335
4.07866751942
4.20259037228
4.11774437557
4.13234596813
4.1679167215
4.16149183331
4.24902608903
4.23889530605
4.26485361431
4.14086717029
4.18572204183
4.38219597748
4.31301185642
4.07070313608
4.16140686097
4.19689290119
4.23095729223
4.23718371899
4.18038511933
4.22279521486
4.21669566205
4.10881473909
4.17721074294
4.22625806626
4.27292908946
4.29035272362
4.30314453079
4.46774216006
4.39409550958
4.33175518277
