151
9999999.
7.01412572086
5.92671578963
5.1800430243
4.15206522577
4.10680916224
4.4619749605
3.96920737258
3.86103596371
2.87030915117
3.25046411621
3.67731861299
3.5588579494
3.63436309156
2.62043668856
2.58387170167
2.949008263
3.31902107688
2.94295968597
2.70537952646
2.56791576886
2.51108139961
2.74715840246
2.76621257402
2.67227384252
2.64581880503
2.83628017351
2.89292901008
2.38979471465
2.68461539708
2.81730814626
1.9546377407
2.23989806111
2.88489321849
2.96221461006
2.37815169868
1.74700369132
2.26149142442
3.03725629688
2.7159484402
2.60752999074
1.76361489151
2.32153498065
2.61984489937
2.96164170486
2.17816128895
1.59489130978
2.34519937984
2.65526903467
2.62357438541
2.55605214801
2.52387997052
1.6211494566
2.17562361381
2.63589234184
2.35851009974
2.61715624126
1.53900604631
2.3804696469
2.7291697975
2.43462045628
1.66845532944
2.29680257823
2.39565798292
2.70609882368
2.20427741963
2.37590482324
2.37016312557
2.31707275053
1.1786568296
2.54782206588
2.54539929454
2.66029938029
2.30956049409
1.94933372809
1.23766226433
1.98290800408
2.51301379093
2.50529229453
2.2305034514
1.43638915001
1.94242547133
2.48963624574
2.58724698032
2.18582283637
2.07340914714
1.3806661642
2.20394395958
2.66337154924
2.17359063246
1.30723914496
1.71142566745
2.22998742307
2.44377201644
2.36874315731
2.16246115268
1.29387853376
2.12942636358
2.55925735667
1.96864966471
1.77790010502
2.03847205645
2.17567671515
1.27475877619
1.8475668587
2.20573788207
2.1015911821
1.85028116273
1.986050079
2.04928382973
1.28093942908
1.81949031065
2.38484859335
2.35319768145
1.8915902079
1.07652650569
2.14439364236
2.43980050103
2.41263700865
1.49868254991
1.56016168551
1.91333684144
2.18875672494
1.88827404505
1.42457043976
2.03307975111
2.27551686439
2.29119635108
1.43672907025
2.14148698366
2.3011714688
1.89568590559
1.03903818574
1.78263107624
2.37600283167
2.34113321696
1.64092942575
1.94959486135
2.19686939717
2.20663609674
1.11332115299
1.71148598288
2.31707239137
1.99721829334
1.74962703656
1.81113905032
1.96905098356
2.22678308147
2.25060459344
0.904159374432
1.70723392001
2.15680440253
