200
9999999.
5.64901184721
5.0528291115
5.02509537311
4.80950404123
3.90338884913
4.41109604756
4.39320290071
3.54623473787
3.661001096
3.95426553444
3.69654539247
3.35881665136
3.64857730736
3.32926330737
3.18958113123
3.22855876056
3.01224404304
3.47367231464
3.40006408552
2.86043083616
2.60690181693
3.07658912057
2.77228214032
2.7328442889
3.19839809219
2.77871541437
2.57151008008
2.94826574378
2.91755832245
2.68672225714
3.06612937029
2.87157353644
2.77800081512
2.92690035034
2.51965187627
2.34263271741
2.92780896009
2.65537826637
2.51273508911
2.62186269936
2.34704467001
2.85985464735
2.05760275743
2.68269021974
2.23422336197
2.58458008674
2.68992914703
2.18207133953
2.2797811155
2.22485283437
1.80750981591
2.58850656394
2.9527754408
2.2054043909
2.32253463678
2.15916809406
2.49512184129
2.29509850956
2.18909843224
2.0687336248
2.28262480369
1.91565557975
2.61796713579
2.31849879581
2.14464018606
2.28853825861
2.24627420658
2.04761017107
1.96573971911
1.87060642313
2.25522318896
1.68616133774
2.41255075532
2.1533068788
1.92234757857
2.24551340822
2.23226216647
1.78628982401
1.94223857106
2.2875389835
1.82546371304
2.16496748912
1.90619095936
1.71682820268
2.13967327568
2.05148874355
2.09975460384
2.27408441274
2.0341722388
1.73555454277
1.91153347219
2.70909394387
1.86688502242
2.20650357173
2.2508080526
1.64678204796
1.8777489188
2.03568121371
2.02758739501
2.19295421717
2.10679283815
1.6322968942
2.00623353331
2.17270445731
1.70960185744
1.8378416095
2.13877716163
1.94074749443
1.9356331059
1.69356256733
2.07816063469
2.17852333185
2.2136630669
2.04022224299
2.12087452066
1.6568570843
1.55676826357
1.94952574692
2.1001838652
1.87047614842
1.90710821394
1.68215695759
1.7314991389
1.70759901446
1.89160210723
1.66886119226
1.65680515198
1.91734965081
1.45454488513
2.44724756939
1.887992688
1.87697712484
1.66807304635
1.96660116436
1.90940107443
1.7802361591
1.70893486723
1.84870380331
1.74881758157
1.73170221159
1.64723256483
1.67942498252
1.9234963542
2.01981835525
1.81466623248
1.73947935995
2.17008673508
1.82574067858
1.79764092367
2.05581432872
1.79550466687
1.60305572406
1.90927321625
1.77735143038
1.24668350967
2.00409137207
1.58558414325
1.92095941652
2.05433967603
1.7547319568
1.59834949939
1.67969711834
1.75608768296
1.63826315659
1.24306240241
1.75392641055
1.92239869055
1.46080008577
1.47622876097
1.62973039933
1.95967606652
1.62774527817
1.65958623548
1.78334878362
1.64045339432
1.91700588026
1.41246264149
1.37144989675
1.65878383271
1.52903733417
1.82746213145
1.65214359683
2.02708617656
1.4761491933
1.78665655643
1.19858409278
1.49168895685
1.66296760677
2.02801150833
1.39536134484
1.54719534305
1.44405421412
1.85121416312
1.71622020168
1.62873871794
1.58663754531
1.91707220164
1.43340159375
1.82908048891
1.54864672494
