151
9999999.
1.20773797769
1.86796002196
2.06836540153
2.17999796549
2.42250345185
2.56302585038
2.61062363906
2.59088079654
2.63144381879
2.5702132993
2.59571205955
2.60057764877
2.54967912309
2.58666735728
2.60547181323
2.64121729037
2.67301952321
2.5866170478
2.63130159378
2.78128381045
2.70401293077
2.66912161901
2.75439229673
2.79071077954
2.76436840635
2.74835782669
2.80208252723
2.74972017649
2.92128356006
2.88031418582
2.83209452745
2.88268430793
2.85335546822
2.75901292357
2.765903694
2.80237321448
2.76810660937
2.81270642961
2.74739703193
2.79972725611
2.83626666125
2.93353373483
2.98006210365
2.95072838068
2.94295416018
2.90549879506
2.83751404327
2.89692670556
2.95334567656
3.05775414194
3.04180226495
2.9804596248
2.96443216293
2.94255448701
2.91852957977
3.00276562926
3.09394226197
3.11381214446
3.04354114039
2.99212276923
2.96600050479
3.08514196245
3.02466509339
3.05650139213
3.09992282625
2.99755926834
3.05854370024
3.02686183686
3.01291062408
2.94418631529
2.95780501993
2.97473637996
3.06135534599
3.11872467559
3.11947929117
3.07778850228
3.08190523435
3.02602315521
3.04859083002
3.13981032877
3.1829141159
3.17157832718
3.0968088758
3.09231101555
3.11897003604
3.100116454
3.16738030743
3.15898706109
3.18097721309
3.22491472847
3.22831305415
3.23035840024
3.27119590539
3.32804820272
3.31187100176
3.27702226858
3.25087118388
3.14900277828
3.08476534522
3.16779393673
3.21722734912
3.20405189474
3.1632216702
3.18982908057
3.22287695114
3.21396500906
3.22110978761
3.24838527138
3.36536816022
3.35745249693
3.33367108305
3.32610650342
3.37859757962
3.40865457742
3.40297646267
3.38317321581
3.5333947501
3.51188096453
3.40359295394
3.36649920589
3.44139927089
3.3882865546
3.48259592715
3.42821455532
3.350341681
3.40160333934
3.38393408386
3.39186801325
3.39748349169
3.32733010067
3.28975288062
3.29598921045
3.33482761591
3.35811523116
3.36320909499
3.35956089191
3.4542028331
3.51623679235
3.51513320038
3.5621400083
3.55488484797
3.47633885834
3.46560329547
3.502568173
3.4624817183
3.46629699624
3.40173896461
3.48228268395
3.47289735955
3.50487325153
3.55260739302
