150
9999999.
6.1570810744
5.12954033905
4.55493466428
3.96132544794
3.81349230113
3.71369416003
3.76045841628
3.4102683118
3.40788757536
3.15104703659
2.65145765469
2.21782047738
3.17517392967
3.17229172494
3.10051602465
2.38780041514
2.94142895062
2.65754660008
3.09552197701
2.75368007419
2.48691967561
2.69573482316
2.87878341003
2.60154828629
2.31568941099
2.04960079372
2.32446059456
1.87648482386
2.29900284291
2.30575107877
2.5868475426
2.55336887241
2.53850737911
2.41292399255
2.18929782656
2.16468539751
2.31211528743
2.350458894
2.45293347247
1.71544287669
2.20807367974
2.19041186931
2.21201962903
2.70278182691
1.61103930877
1.79581642737
1.73009976214
2.61740835113
2.07536516697
2.20214567268
2.52691324481
1.68635790097
2.01423827876
2.3534642114
2.26707430566
2.28706631667
2.28898994854
1.85021768428
1.73698142815
2.27648873981
1.85755008789
2.19552533543
1.71254395218
2.03425500865
2.01306161073
1.73213734461
2.07122849878
1.89913783082
1.83654550762
2.07919824464
2.01801404877
1.74641179627
1.47515895102
1.75012569808
2.29345826472
1.81013871405
1.48193452622
2.07744529238
2.29222211316
1.83955110562
2.03276181157
1.71381772863
1.80372380083
1.73649094577
2.15809894123
1.76361809031
2.03575307751
2.08655867529
1.97344501454
1.87932287035
2.41991478008
1.58763995892
1.63495591713
2.09713778275
2.05028789315
2.36592499943
1.65688533371
1.72448236039
1.32199475814
1.75249855859
1.78202705872
1.9336687834
2.02936547351
2.04847605821
1.53222180623
2.15281773643
1.87794705636
2.07118474996
2.0967806427
1.494052285
1.75055432792
1.52090274358
1.58811548683
1.65899332347
1.98867133374
1.79272860754
2.39964035562
1.36484731952
1.45262321175
2.0919376351
1.91964671175
1.94736160747
1.50755059786
2.18798205322
1.64495160759
1.62265226876
1.71702456455
1.94217106338
1.39799492176
1.81800359519
2.20156647769
1.53212103183
1.14803330214
1.50946993221
1.86631189614
1.90370114417
1.4216136789
1.49699326963
1.79056607772
1.48997431853
1.58950362872
1.69284210155
1.68813038565
1.89842168519
1.70248594737
1.28200771194
2.03624215959
1.61598889769
1.42633769502
1.65229598966
