151
9999999.
1.28164434869
1.89829433022
2.33702827751
2.60237168979
2.87573064086
3.0936095887
3.44709998116
3.54650414058
3.55151807282
3.81831205053
3.89911143199
4.13954872719
4.18129074743
4.42363395919
4.49224740018
4.66724107059
4.7121670531
4.63578913123
4.72714119558
4.81585335169
4.94538172894
4.91549968076
4.95922610661
5.05698538163
5.02577341853
4.97999167426
5.04511351807
5.10821901356
5.24632060502
5.19905096345
5.24119733273
5.36450877905
5.28523119242
5.23846990474
5.23703264482
5.37060023478
5.32531117317
5.2414463153
5.37324354247
5.43769561764
5.45572175483
5.30076184822
5.20483378736
5.33349474158
5.35106170312
5.35382641815
5.36836862393
5.43597701785
5.41308964211
5.28471301765
5.36191657942
5.26583562399
5.42974591163
5.54368104208
5.52638675044
5.518796034
5.40757804345
5.42256257781
5.49475025808
5.5055894486
5.66399257265
5.75467023876
5.70975086344
5.75193209814
5.77363941539
5.74981007654
5.69724914512
5.69158458775
5.75443859916
5.72444160555
5.74575888971
5.68093424495
5.62260141362
5.62901910569
5.97891377263
5.895955653
5.82584427426
5.85645229911
5.88767401421
5.94416472753
5.94230607604
5.91921207889
5.81727922733
5.86732851503
5.90861691889
5.97551811133
6.00022104627
6.11242965014
6.03323057316
6.00324790065
6.09086868
5.9641943826
5.98829452973
5.91988951942
5.91373297229
6.08352084002
6.04037229189
6.06701945576
6.05484292019
6.17703310513
6.18028461048
6.27165301944
6.17118196379
6.15300343262
6.13058400052
6.19867122565
6.13557692025
6.13383294254
6.21016842639
6.15729400401
6.11114234597
6.1450902429
6.07110364248
6.30138755546
6.31371249869
6.32156504171
6.40024206338
6.41622270682
6.10323658443
6.15583228563
6.34787823494
6.37401715961
6.31407072567
6.34322835375
6.34698902289
6.43646544394
6.37332557795
6.24796893466
6.19002110712
6.20993820688
6.24686083331
6.21211514851
6.32286391851
6.33525353461
6.33021568971
6.44324586897
6.57966349811
6.5282623095
6.4632090089
6.37318752634
6.54237504348
6.5611531687
6.62064935158
6.59394452652
6.55662219831
6.56571976867
6.53999331627
6.54852491422
6.4278182552
6.49794949952
6.48084839932
