150
9999999.
0.972378337662
1.51989002201
1.97184563499
2.2610221708
2.32395837524
2.55817913941
2.74039083441
2.98205731291
2.84143073169
2.79875083622
3.06739335624
3.061723839
3.09987365549
3.37725488313
3.41890885814
3.38008776933
3.16499114231
3.39124669012
3.57148050619
3.55953581102
3.65236965126
3.61881441246
3.58995332314
3.62712961061
3.69423284443
3.87649837137
3.88968566234
3.97748590926
3.88110044119
3.89983092963
3.9424919957
4.01899220375
4.1291829009
4.02176101714
4.13149643004
4.0844810009
3.96846285322
4.09818956651
4.17081864107
4.12504317004
4.13629105896
4.26015954499
4.24093656778
4.06182806275
4.18546873821
4.29077005618
4.17139140295
4.29822047725
4.41457933798
4.08694847295
4.22564553227
4.2773611233
4.53959484878
4.46939610793
4.31634104906
4.48210940586
4.7372491683
4.71788397968
4.71580952406
4.62708080815
4.5633403514
4.72175091264
4.87780863556
4.83298161006
4.65809426574
4.5698996148
4.7289436782
4.72782452269
4.78713286801
4.65778396785
4.6162102482
4.67467614626
4.58296357807
4.9134962495
5.06737776106
4.7670012236
4.79796750646
4.85264159728
4.92624014189
4.94050718222
4.72276877166
4.9187583842
5.04342132541
4.96872754827
5.07185063305
5.13485066178
4.94900135775
4.9004342398
5.12122057087
5.17057080541
4.61210042349
4.78375994637
4.87158484745
5.06264516967
5.26935620128
5.20534894294
5.21527209309
5.1536326668
5.17445556898
4.99160980202
4.95608499639
5.22538889522
5.38970171616
5.17110479697
5.12204031851
5.296728459
5.58191066101
5.24009882372
5.30077263479
5.51320587374
5.20210281082
5.16350093458
5.36406829743
5.3114508093
5.40873010439
5.45546899303
5.10488201303
5.22754171163
5.4411900604
5.54599672716
5.2638798831
5.38228571021
5.40946087134
5.66334823518
5.7407754015
5.62468760336
5.57119982317
5.71752102687
5.59005731517
5.55330184935
5.68170299082
5.7214342358
5.7905610941
5.93451610858
5.90273239243
5.84608609246
5.82997092888
5.82558372561
5.94633992755
6.09076286189
5.65509457108
5.75855025387
5.6665903652
5.69138480679
5.92339317398
6.07003824852
5.9654990326
5.98108523854
5.98442107789
5.94836681724
