200
9999999.
1.29748811171
1.79608440929
2.05778136614
2.41244975343
2.76369210525
2.73173631706
3.27652055939
3.19514909062
3.21009914397
3.43102456646
3.56848303318
3.59224619597
3.74246111785
3.77247118878
3.88321195793
3.83274870221
3.78053435478
3.9476146034
4.17407402612
4.18439012576
4.26081729252
4.05268757328
4.08902174031
4.33770340822
4.25227620848
4.34130662051
4.5518723461
4.53504397622
4.51471689007
4.55833179395
4.47521261031
4.74894759224
4.6631322508
4.84757561433
4.96715039821
4.7265674439
4.78673201047
4.94899938039
4.74862510842
4.68938138116
4.8243557428
4.94733927396
4.91708486613
4.88373822951
4.85105573921
4.90284251407
5.0954781228
5.17645798416
4.98201740555
5.071859443
4.89460947363
4.89133021067
5.12368391316
5.42842324536
5.30590901408
5.2028810317
5.20589173108
5.17721384977
5.34094169614
5.1402082969
5.02154642654
5.04189018195
5.18703626446
5.27031525065
5.38672462558
5.25039073275
5.29474905855
5.306185639
5.37647560325
5.32174112183
5.31469785682
5.32795993337
5.35852949389
5.38365147166
5.451722627
5.42586526604
5.3834453648
5.42913276227
5.26166729635
5.46004412255
5.29702337665
5.5595533331
5.53693196849
5.42429044858
5.3875974598
5.43656930811
5.45472467489
5.55838767099
5.55980147677
5.42437879079
5.2854986246
5.5353494992
5.73420313926
5.65925932334
5.68301273186
5.64718131373
5.40958877839
5.40957416659
5.51539244342
5.47375942514
5.65950090097
5.51708186642
5.51771260195
5.67971079789
5.69831874201
5.44986268838
5.52856820942
5.50411330957
5.65755739906
5.67451284648
5.49999311667
5.60707364909
5.66213144267
5.79575927912
5.80662152164
5.76593171849
5.57119619675
5.61447785411
5.79603542417
5.76736977334
5.75088862926
5.89103552957
5.8447592988
5.70312066425
5.67303406159
5.69214943418
5.7197747981
5.87773102906
5.65393177196
5.83163785807
5.95487471385
5.89977794401
5.75052434521
5.73953670196
6.03303679929
6.05716132848
5.68894517369
5.79666339564
5.71169485247
5.75386042829
5.77469840795
5.79553065672
5.73317972322
5.93298898303
5.91969612477
5.75948334788
5.82508987729
6.00673923436
5.75668233311
5.92664639081
5.91795014651
5.95410507862
5.87456060853
5.93974428451
5.97545192934
5.86993291141
6.0086893889
5.82902601641
5.94970833801
6.0472109205
5.9902340532
5.91905801736
5.79952903008
5.94064823262
6.01687572241
5.73748525448
6.07521634906
6.04532466325
5.80879250708
5.82514328425
5.86901320295
6.03971895286
5.93860139634
5.90534687861
5.93810482325
6.1254624724
6.0934205465
6.01508146467
5.94447754148
6.02967641441
6.01575476829
6.13325521201
6.16275791541
6.3183197603
6.13192375533
6.23367210512
6.00617649478
6.00239000286
6.19063806817
6.0152520376
6.06858466965
5.95242466135
6.02648103686
6.26423794474
6.21636934354
6.10453320601
6.07154805447
6.00588779517
6.03234669507
5.99446296655
