151
9999999.
1.02587189869
1.66443341906
2.17046121632
2.69947591982
2.70980674626
2.76353950416
2.95137461373
3.20702402765
3.3649304376
3.13779428913
3.05376427187
3.22215962428
3.43485750459
3.83372669574
3.74288653065
3.38611948097
3.41789157707
3.48457729362
3.62440258128
3.73215339066
3.64763157182
3.46669970699
3.48577465538
3.55862182773
3.61355574121
3.57560895041
3.61781475892
3.5941551284
3.65357506334
3.72984952968
3.97134408428
3.67966596303
3.4796364472
3.70150510269
3.85442944623
4.0016226584
3.59279383583
3.53018146794
3.70982672979
3.9164971922
4.00810196791
3.67810328527
3.56562358233
3.76712796447
4.01763978628
4.06346996628
3.82763984664
3.72086844464
3.78814685119
3.68068503824
3.97006848955
4.12217506748
3.76184971026
3.6527269099
3.69163338234
3.88147972018
4.0546868685
3.83499246603
3.73806555927
4.06616070289
4.21971338266
3.86409817527
3.75367051484
3.81200220068
3.870773042
3.78015292008
4.00754661799
4.2477900719
4.1276203161
3.79506888816
3.83905054446
3.91629614681
4.0591976407
4.32089940914
4.21947389271
3.87424955381
3.76458285128
3.84419649972
4.09134008561
4.27280150258
3.96277107204
3.83537918566
4.03201058725
4.02754856198
4.22608876014
4.2695950443
3.98063408875
3.95236134247
4.17474117007
4.38675240922
4.09683441531
3.8920825108
3.91672772208
4.0798262796
4.27083749244
4.38396792712
4.04736082054
4.12487804718
4.10116899158
4.13937437627
4.08789869335
4.22253463177
4.42661404435
4.09407384474
4.08456207776
4.10991247045
4.15081914342
4.11912613321
4.31629601112
4.39349190149
4.04030172901
3.96759366808
4.15988187432
4.29023109217
4.35530668582
4.01764899649
3.97133972591
4.12522541221
4.38019704231
4.323794156
4.1243048151
4.13971979778
4.34892267185
4.37191537454
4.00894776432
4.10058337659
4.2173596922
4.41131347126
4.15352130373
4.18566181291
4.3466082187
4.3857914774
4.06328829969
4.02918664125
4.17219003306
4.22466052563
4.12129086511
4.13645296039
4.29946246294
4.43413403991
4.07911472772
4.02361759211
4.1380152452
4.37301027133
4.3213421019
4.22123874714
4.21596461363
4.4872562182
4.60379940915
4.16720440633
4.06622031625
