150
9999999.
1.26844519374
1.81016670381
2.14761945619
2.81048350103
3.29952067034
3.28359538414
3.46763164484
3.79331429557
4.01883102306
4.11609141625
4.30594254092
4.27479972914
4.48074104809
4.55563876418
4.39033607157
4.59132404263
4.62575783275
4.28131353831
4.45425514679
4.51383642623
4.68938686105
4.80063339628
4.88330800821
4.85239491457
4.76829298224
4.75955049659
4.50203557912
4.64525047522
4.87860064029
4.8770193419
5.04983221723
5.10388661039
4.8766528509
4.81512501639
4.86506784852
4.81838674104
5.03874671046
5.01138719131
4.77473216157
4.77483388792
4.95656171778
5.04254323846
5.02866807979
5.06441601628
4.89129451804
4.89877117347
5.10087600955
5.14420842361
5.00245769998
5.23672041132
5.44170063431
5.49123072954
5.09537118466
4.85306951617
5.03711950071
4.99953329273
5.05014665172
5.07239449671
5.16174351105
4.94114325161
4.82947085492
5.00266067057
4.93532543767
4.89811117465
4.99684387762
4.93779277785
5.07133960168
5.10948580747
5.2544434495
5.34345574037
5.06905881059
5.09871091699
5.26632682471
5.37447073688
5.35709046224
5.32091819816
5.40117580339
5.46338440288
5.27343900034
5.28083121686
5.43772895887
5.5402530932
5.36213094545
5.33983145185
5.57205608364
5.56283600681
5.39754911291
5.39305646616
5.06803229767
5.34067001746
5.58422313296
5.63083485005
5.55583940531
5.51479944007
5.55358303776
5.60441963507
5.66980116644
5.65467660844
5.63570299196
5.49961451001
5.61610776257
5.59487128619
5.44552967298
5.58622458835
5.67073891751
5.58291250839
5.67783787597
5.52905732193
5.61522319218
5.61079719939
5.35914851607
5.48559999674
5.73725126549
5.84199458133
5.74237616971
5.70593580468
5.61975027883
5.57542400454
5.66090232967
5.65473289364
5.58812174875
5.84986277622
5.89212004473
5.77100270561
5.69124840374
5.69029438246
5.78903788335
5.77610797025
5.64010801905
5.84641379831
5.86239520643
5.63359616418
5.8451511864
6.02154051891
5.83911671948
5.63627778631
6.00996912475
6.12466686214
5.94180788264
6.04765676158
5.91789301683
5.82952612317
6.16372904432
5.85196608
5.71092150139
5.93512718383
5.91537687822
5.90414046285
6.11795634939
5.89824662688
