140
9999999.
0.0552903627146
-0.0360543512752
-0.183653912786
-0.155847510754
-0.0541910765376
0.152012559308
0.115532172419
0.112981248852
0.142782542787
0.0202607474156
0.0165037699133
0.0210581389408
0.0823848773303
0.134255087821
0.172888844722
0.0937907319702
0.112102028135
0.229973487838
0.176939682948
0.307890973316
0.384782450566
0.276599083451
0.192133654211
0.329942658433
0.411958390853
0.201462641584
0.41494657924
0.457005777381
0.472995842774
0.478041521462
0.402051137564
0.503751085034
0.527009566005
0.462041872504
0.535597455127
0.588327315162
0.616014816106
0.539330508944
0.548167277538
0.738041828041
0.786151944557
0.733418147116
0.773675310841
0.828634629823
0.819530875483
0.687337108371
0.729914458326
0.829184958835
0.878979547109
0.826189129822
0.936929061247
0.870611961274
0.975246329675
0.835072332365
0.93441360682
1.02226485663
1.01338568148
0.945049460724
0.957365378284
1.10043002913
1.13654119146
1.17978452189
1.0901382776
1.14126275058
1.17963453173
1.21054961862
1.26158843622
1.28919483997
1.27619066729
1.29621294726
1.31532478368
1.30607141277
1.31953993734
1.37793721938
1.33740640447
1.38860527591
1.56132836318
1.59701955737
1.62018552941
1.50933614986
1.58802476824
1.67880959385
1.6635691689
1.65720481747
1.67287739677
1.7796683531
1.7609025731
1.77455192784
1.8413400374
1.81276860224
1.79510943575
1.8175098004
1.79029854174
1.86820695903
2.01023759791
1.99408151994
1.81559575991
2.06036704659
2.0279834683
2.032472916
1.96643476363
2.04424275327
2.13218027273
2.04552375063
2.13574279308
2.12859747634
2.11554749885
2.19014001774
2.18793033278
2.32165203675
2.31047226591
2.28117005767
2.25798231271
2.28455536544
2.41536204893
2.4030291587
2.40173949685
2.54860997616
2.48652912145
2.57782220313
2.55523836705
2.51452950071
2.48995800345
2.49769839613
2.56791532073
2.6225347005
2.58434427092
2.59543797622
2.60603291116
2.76331261621
2.7955312981
2.72988178331
2.62057184293
2.76429305151
2.85495516596
2.71291168052
2.85451855746
3.02543193297
2.87745180834
2.92883033638
