140
9999999.
-0.00705473088509
0.110775746999
0.0255650556012
0.101702597258
0.0936777522679
0.13650718355
0.307334052688
0.09573915595
0.320951112208
0.29009220775
0.347480769798
0.397651939446
0.24092838057
0.271267614689
0.317712133747
0.325463079793
0.296505356948
0.428568800304
0.318346860577
0.304355463625
0.487563539861
0.466677082307
0.449308719093
0.512585919314
0.516178202383
0.693171693732
0.574122145271
0.596513150445
0.660589530052
0.612092370203
0.734610217808
0.763275360705
0.649998110288
0.671020334066
0.714376400741
0.651494321945
0.684043781528
0.821240526336
0.784843963711
0.768269602982
0.855611258942
0.821578562334
0.79189680818
0.862156677886
0.947718673167
0.979763107213
0.931732288513
1.00152594593
1.06127942814
0.897458709256
1.03674814413
1.05611122172
1.14994955447
1.07494668322
1.20871931212
1.29465293109
1.2056254062
1.03271022595
1.25084334181
1.27968880209
1.29550671519
1.38141557427
1.44929723783
1.43875758816
1.47189742048
1.44931391412
1.5362879299
1.42757833848
1.58897663075
1.56659569843
1.50628896664
1.62438940238
1.71969850773
1.48615439015
1.74534969706
1.76961139493
1.68799775915
1.74619699631
1.76000484687
1.87448082489
2.02288140564
2.06608583078
2.03728677789
2.17470964049
2.16509642612
2.16216679848
2.1507294429
2.21263346454
2.24881150499
2.23441502611
2.3057613328
2.32205683651
2.44833629203
2.43437447576
2.40657884102
2.3747865711
2.45623738103
2.51336633712
2.67870365686
2.63029380559
2.52786184694
2.57857332617
2.65138962435
2.75502927122
2.75186970577
2.76609105379
2.79974641207
2.86918050081
2.89746233406
2.83115316295
2.93127221061
2.85715796993
3.02500543821
3.09065262312
3.061089713
3.23135267722
3.03634272824
3.23356918064
3.22964944714
3.34598015554
3.44255120193
3.28266979911
3.45180204833
3.49531103468
3.49823612197
3.47228616114
3.6510927355
3.54910914606
3.6616979664
3.67798208528
3.76906979543
3.77356820892
3.70452231383
3.85018451474
3.92132783058
3.86080602884
3.87659401309
4.06254476449
4.01056932238
4.06217101642
