140
9999999.
0.0351117374471
0.0694162597674
-0.132075044579
-0.0593317413899
0.0190585833069
-0.00877962919723
-0.00713438540979
-0.0209832758021
-0.0216289694921
0.0228074785227
-0.126319590156
0.165084280378
-0.0126671722647
-0.0739155959592
0.118923004062
0.209928781853
0.101380525542
0.194734632023
0.381308020901
0.294472729524
0.454226367798
0.401426337481
0.402735464075
0.605492174503
0.604447974251
0.62675678693
0.803132173792
0.763630886338
0.843565067607
0.744889640655
0.785900720666
0.881206659208
0.970887351329
0.858397524296
0.905145079923
0.925292686885
1.02976832534
1.02249259507
1.06499488648
1.11362983951
1.17527224883
1.2601769747
1.34587313347
1.25689036831
1.44954361122
1.37852855182
1.30363695915
1.31430775399
1.41098362083
1.34058742623
1.46880810485
1.43713398187
1.4035114392
1.46968394903
1.38218254806
1.53660236067
1.60300696955
1.51972291095
1.58133639661
1.56448201528
1.68068611306
1.62448295757
1.662660898
1.79766669104
1.87375323298
1.95003271184
1.90232841164
1.90563015718
1.91556162838
2.0413105626
2.04155199222
2.03458484599
2.14201789473
2.14694074178
2.23952754628
2.26197450655
2.36493920478
2.29366344674
2.25666170863
2.28172127049
2.35651675446
2.29446261319
2.35978621104
2.46685352521
2.50537940966
2.62136487238
2.65236292006
2.71120857347
2.65469268583
2.63439287433
2.83051386817
2.71348915687
2.74483685143
2.83228468301
2.84606429222
3.02822761236
2.84635338512
3.11109326558
2.95725262118
2.97908496665
3.09254062086
3.1021628088
3.25475937182
3.28749674502
3.16702472858
3.2176009522
3.27425184148
3.31645516953
3.36495043374
3.34243059426
3.37236128895
3.52453479139
3.60481665768
3.61428887182
3.63580959963
3.70261931068
3.76976282311
3.78716501194
3.88255894194
3.74833257794
3.84301079996
4.04808997381
3.95773583118
4.11745984144
4.16594540578
4.16188740805
4.27149303713
4.24738126127
4.36086702562
4.33758691652
4.39174305495
4.27933485957
4.36540861215
4.39561477477
4.31013661812
4.50806451594
4.50316622255
4.53250254304
4.49661448078
4.59505789763
