140
9999999.
0.314563430918
-0.084465302869
0.502225273612
-0.222790756772
0.307162752525
-0.216324358892
0.197594045924
0.478080764875
-0.197415418637
-0.134775624396
0.617402276437
0.104334814167
0.890888354746
-0.19126993951
0.203321232968
1.10773413914
0.329266176499
0.00394714772673
0.908293439453
0.198885189413
0.450043306412
0.737927505824
0.954742648342
0.386899861113
0.441326576393
0.234472029707
0.947952188595
0.337855292383
0.0912119833918
0.990175157302
1.12533973559
0.672824092752
1.07343901923
0.213164419935
0.761713497819
1.11160473997
0.910939238373
1.1530888598
0.899220031572
0.407155928579
0.835195046091
1.07278177894
0.288746850786
0.629857866528
1.38676632864
0.848485442696
0.673419751456
1.32277125039
0.657198163379
0.864299768045
1.40683520538
0.451630280297
1.10466999673
1.53198177861
0.995961948244
0.729567053628
1.08017473034
1.13147271347
0.898037154627
1.29482605259
1.58861740996
0.82903319
1.33721702227
1.68258366572
1.21079306943
1.2902084733
1.83193811787
1.4547139958
0.845622345968
0.844254658784
1.58139380716
1.4521748386
1.12856139135
1.10081198409
2.20846860673
1.35559621169
1.16694733383
1.77621760272
0.966124583558
1.38481862851
1.23901030616
1.45149612745
1.90282229086
1.39475826366
1.19308140712
1.69168605724
1.92325488123
1.47273377577
1.72761166082
1.2592810095
1.71413732688
2.12882531079
1.61691649979
1.33198457874
1.74833033922
1.34590800824
1.96283955714
1.57397229879
1.22574522665
2.03806944698
1.98198809149
1.83551123528
1.82000752252
1.2794672979
2.03538860774
2.16707149372
2.00244426712
1.85984719765
1.55719521678
1.69664072952
1.93357676049
1.70529423392
1.44336923491
1.68277569943
1.785407186
2.02497578917
1.59485622189
2.18515445885
2.36701873066
1.35865204379
2.14135789682
1.70836126754
1.93582200472
2.16567574629
2.28896630924
1.83346733059
1.84010375251
2.41710443785
2.30526746055
1.57638690318
2.73908171745
2.51152242763
1.92882140064
2.24262126162
2.14566289127
2.1522173555
2.10138616587
2.21942862453
1.92302857053
2.52690118853
