140
9999999.
0.099322717093
0.0384033226178
0.109716798374
0.152701988238
0.264289985162
0.309875636949
0.169122911233
0.241791426432
0.339910569835
0.421169592039
0.299209839277
0.405165016024
0.385521303673
0.381766027112
0.333092450201
0.300947566783
0.516355668332
0.539645084795
0.546320250112
0.593791995625
0.501017201521
0.508676683015
0.722790696041
0.912645759124
0.772293285937
0.743621499308
0.673607310227
0.771420355906
0.819276842018
0.982415386873
1.0352192531
1.1427228197
1.2059027984
1.21795551092
1.25303145642
1.49509564749
1.38637013357
1.25710593176
1.26680548976
1.311040476
1.52962641758
1.50469351751
1.56014051082
1.46732830819
1.42607405671
1.54954630764
1.47109171365
1.52350100723
1.79356458327
1.71596202279
1.78801066884
1.76167386795
1.65262054428
1.84248478694
1.81606616825
1.92753047691
1.73957828003
1.91121820702
1.9189056229
1.80764202172
1.94758876193
2.1447949543
2.13895270077
2.06952382272
2.27826471267
2.2517721741
2.36905479365
2.44062049963
2.28284540304
2.47679731648
2.52168151802
2.53679649551
2.34844473445
2.40682531515
2.55642807318
2.71047697319
2.84385995918
2.83539526626
2.81873361009
2.75924579906
2.82917032263
3.12946037834
2.95092274176
2.88650399398
3.01091892129
3.04269709841
3.05468866217
3.28988985644
3.05044691219
2.77692869075
3.0322389775
3.11617397771
3.2445015814
3.39637989115
3.26817422432
3.18222279514
3.30122310618
3.42175229274
3.45225440118
3.36409001015
3.30082993799
3.43129768184
3.35604879122
3.45196238094
3.22744163238
3.24970290316
3.60056624239
3.75588192026
3.80162883811
3.91326395625
3.74734898729
3.71326726389
3.51221213393
3.52778880917
3.77769823821
3.89088855031
3.96353385943
4.10966826984
3.98431291127
3.99687606233
3.94732315467
3.85143884499
4.02475257193
4.28264001612
4.27655501457
4.26827300083
4.34106378075
4.39761091854
4.29936642546
4.15964609662
4.34243983595
4.59308984342
4.64020231745
4.44467699948
4.62795150436
4.66975663618
4.83136603339
4.92308917177
4.99830760604
4.79567852738
