140
9999999.
-0.00300748745675
0.0588803371893
0.102816770859
0.150490375214
0.0805306194512
0.0407874040413
0.0662740434703
-0.0739802665131
-0.0847448532971
0.0321292642776
0.218294245688
0.249243985064
0.434187108869
0.416329564595
0.406892833269
0.446876771618
0.446839360397
0.503268524583
0.50790106777
0.455374202765
0.541909464264
0.487858803239
0.490236952792
0.600385324371
0.569615940428
0.726266619064
0.762305440071
0.678880073048
0.690907821462
0.698308974537
0.851596766383
0.989716509504
0.969667563568
0.803835078151
0.822374612622
0.895403056473
1.08903198025
1.31169854918
1.17396000873
1.06537088584
1.17538132829
1.40687579694
1.38340226106
1.51488797577
1.55991203231
1.63397249365
1.59113915418
1.71375843005
1.822089555
1.87618113574
1.75321598331
1.74970225452
1.92989487366
1.94936570984
2.00908358657
1.99082002722
2.14904655827
2.09424743098
2.03042812638
1.97971322587
2.19033291196
2.30108770708
2.38577741621
2.41160465721
2.36700100213
2.40256371582
2.40388642751
2.46304916334
2.48596613848
2.50454510062
2.5899351159
2.54234924823
2.67355203619
2.59742097959
2.71421689104
2.77237835845
2.77301305779
2.69169317367
2.84272758298
2.74049266524
2.92391071855
3.04973768194
2.8982346574
3.02685978069
2.99893462209
3.05638162021
3.33370295692
3.45734203123
3.38355898131
3.30695588847
3.34226277269
3.33943433177
3.50615260966
3.61113397948
3.60115621437
3.68005058905
3.77092536545
3.71933113492
3.76945406778
3.792953623
3.72385110119
3.7427700802
3.81057780313
3.97774231669
4.0118770242
3.88717184686
3.86914685034
3.8985781345
3.98001283594
4.11738634249
4.24336317013
4.30972440855
4.53527323345
4.57024724389
4.52421466348
4.45009786409
4.60312457739
4.50379145441
4.4860969755
4.64038166879
4.66008949045
4.62552796141
4.73563225712
4.72329625845
4.74128130427
4.71101164889
4.65952173535
4.69566942281
4.77748293672
4.70813381036
4.89050294325
4.92145671017
5.14166831541
5.14965896802
5.13948879906
5.28278987506
5.35127130995
5.3292132599
5.44397909259
5.48236165172
