151
9999999.
0.0515356214239
0.0665486710515
0.133722170161
0.157770511857
0.0912964771004
0.107459818669
0.217975201661
0.196266541922
0.183125466939
0.244851704014
0.329445855139
0.230824191529
0.0787249149578
0.202091949799
0.326450237222
0.2077565152
0.171125452199
0.289816085978
0.359140340608
0.446292149398
0.406522783503
0.464121350548
0.466611935984
0.49916084964
0.438529511642
0.440868901526
0.433446668354
0.46253193695
0.523110729528
0.444618955268
0.476311773443
0.552629908522
0.528973378976
0.546911246669
0.601529455524
0.604568485102
0.625315731846
0.708564641686
0.739587191869
0.845345142773
0.749942316768
0.646823239509
0.740722314065
0.804812831198
0.81609001031
0.822667508023
1.005628191
0.959455445493
0.968259496018
0.949523199726
1.01193753717
1.02299311919
1.09709398833
1.05364280209
1.07250878304
1.15939081518
1.20350327915
1.18471715405
1.21694222272
1.19699291203
1.23673178634
1.34227165244
1.34216306376
1.22749642788
1.36550784482
1.26789202651
1.24564973518
1.31407453605
1.43396474446
1.43700327519
1.54593342487
1.5400649432
1.527536438
1.52165712376
1.5469778372
1.59766207874
1.62906923152
1.68165147326
1.62143821409
1.67294341826
1.78103574438
1.6853496744
1.65032612906
1.75421688383
1.75443618411
1.83819076341
1.82100211843
1.7966011702
1.86464114602
1.85368055455
1.84943625609
1.9014502837
1.92870443584
1.93285999247
1.99980744181
2.03035675548
2.06208754589
2.03752973072
2.08217603602
2.1587362092
2.15732030063
2.12825685111
2.22230057558
2.18081624486
2.27902644103
2.27132894797
2.3519711883
2.37515677426
2.34722929747
2.45663005362
2.49208251443
2.49105241882
2.49658895717
2.56230250975
2.5449336368
2.51722484928
2.58765122909
2.45813972618
2.43173778171
2.54223504536
2.62486913848
2.72840788053
2.65359229925
2.66619333805
2.69378308391
2.78484596719
2.84818242729
2.90896646142
2.95156614577
2.97963596967
2.96573389428
2.96619263112
2.98706467897
3.02694403747
2.98473830153
2.97210236126
3.10295598813
3.01882795558
3.00280768274
3.0616817266
3.09827819016
3.03508421019
3.19193149944
3.17334043999
3.19234070368
3.1582600236
3.199991184
3.22705949039
3.19900188344
3.20879550644
3.28729170025
