200
9999999.
-0.162599011816
-0.143975069086
-0.0961839263461
0.0384967768723
0.159106945879
0.322999888949
-0.0981192618578
0.00658583237767
0.201914028393
0.349190192743
0.164900243608
0.17172827686
0.282570174593
0.246532995805
0.124416531047
0.332642350265
0.363001969793
0.197578305875
0.162013501169
0.35069349408
0.404936090123
0.424839142882
0.484458232782
0.54992868238
0.485189221705
0.487754648352
0.580331755186
0.598297892693
0.550692685588
0.481796517321
0.458692817234
0.57540983094
0.631888904943
0.863231173996
0.907283512146
0.665238332013
0.740712183114
0.786644460052
0.945924807561
0.915120209063
0.610485890627
0.914629874021
0.981705098518
0.623834794361
0.799294790407
0.760401763636
0.80206701703
0.762174214679
0.968574116876
0.955033154465
0.966317424011
1.06610583278
0.994064826078
0.993579356958
1.10749024051
1.3338051416
1.32777836742
0.955680666819
1.0425487925
1.23429083999
1.25393502225
1.22872476636
1.27857233164
1.42960916193
1.14766542062
1.38478027803
1.36872495955
1.40511183214
1.38294391273
1.57327476232
1.59506124379
1.38034779749
1.35413169763
1.54183038043
1.74366734929
1.76788197775
1.60836021378
1.57248961174
1.68294988813
1.73751896603
1.68151828246
1.78574065769
1.76042351698
1.79846246964
1.76355226072
1.79023597275
1.7695290256
1.75439535601
1.85746592147
1.87278717522
2.04425468116
1.88244664128
1.94378962386
2.1051229628
1.99916679039
2.11986315038
2.10893412743
2.17865682414
2.15747988629
2.17723625013
2.27611148035
2.31319954252
2.15350373082
2.30523372732
2.48601185438
2.30102510305
2.36908283596
2.46712098018
2.44675693061
2.34752663924
2.49696355802
2.61027067747
2.44778631297
2.62715770975
2.71299443236
2.46130822562
2.43183875948
2.59716038095
2.60039990623
2.49837711669
2.53841250057
2.63911228895
2.71887211503
2.85410469098
2.75682010861
2.78183213811
2.75651622765
3.01947411055
3.04181370811
2.91185545623
2.89563474663
2.93817220596
2.92987848378
3.05541918871
2.99089729545
3.04411896599
3.11227560446
3.19375678007
3.34555766385
3.10205217842
3.23741272058
3.30755653533
3.2621650141
3.31451660461
3.36888799795
3.22702801474
3.22390434017
3.29270665236
3.38627423835
3.36049526444
3.42819390129
3.28053983246
3.22783241189
3.40913247263
3.38066444684
3.36816323642
3.40809917695
3.42249486896
3.34993091512
3.3858221058
3.47266583397
3.51827191982
3.50127221046
3.65120034969
3.57670500804
3.70649868946
3.64805645636
3.64296478988
3.45101538662
3.52391295888
3.4964049699
3.51310577202
3.70381201789
3.48919759316
3.51588188011
3.78227824984
3.81546074561
3.52079036569
3.59451767855
3.79600813566
3.66647780547
3.70322203831
3.56360991045
3.54535745231
3.70546217805
3.77083521201
3.65191715623
3.59726156605
3.64344179442
3.72492104502
3.86277808721
3.83531834787
3.68841835962
3.68591833792
3.81971508709
3.83480728151
3.82244685211
3.93924006738
3.81500445782
3.80787316666
