140
9999999.
-0.0582829834421
0.0931697144692
0.0361832550317
0.0718310575834
0.191470170658
0.100198445345
0.143196442702
0.191606038763
0.164028502442
0.180077189835
0.25510488608
0.316551436391
0.233625004271
0.184434829222
0.261399232976
0.264478177621
0.268496926241
0.40939663704
0.366453979092
0.47065235824
0.411719884822
0.458298804039
0.5130126227
0.500529959389
0.501057789234
0.451334815703
0.483795140111
0.527975992398
0.545536402618
0.637303470801
0.643384674966
0.690116683222
0.474466409561
0.633335972609
0.699629996155
0.851744019779
0.880325568515
0.915574779285
0.924035330365
1.07438923909
1.02977648476
1.10724046642
1.04875150285
1.05549263833
0.970028399536
1.11610453623
1.03431707594
1.18885074005
1.15697173466
1.4028755729
1.23939419192
1.14353266416
1.35401442139
1.40956478003
1.38605771342
1.33858873292
1.40087739444
1.36254178656
1.46911950197
1.52817221087
1.62398840355
1.49101869529
1.44706324251
1.4168542385
1.52377091273
1.75587993371
1.91101293689
1.91787097923
1.89832512467
1.78854812109
1.96744653817
1.914450534
1.8678991884
2.10873135702
2.13203418894
2.10730374519
2.29049443383
2.49309339642
2.34695835499
2.40698006542
2.2256204687
2.27545734469
2.31618784368
2.42250990393
2.41972163687
2.60188124627
2.62561460068
2.53330722905
2.83268271698
2.76202835251
2.75928260432
2.83445521732
2.93364482173
2.75900705962
2.89951040118
3.0306021357
2.94810585723
3.07216297573
3.00534840929
3.05738054579
3.10647108566
3.20439987512
3.28135086942
3.20783641317
3.42956411129
3.37308892533
3.51409385732
3.40318891099
3.41605695555
3.46363736332
3.5585941201
3.56805937057
3.57536303794
3.83481642745
3.84233572818
3.82217941575
3.75614929941
3.83294836376
3.89767264968
3.92225520017
3.95842025978
3.99254542363
4.1304794525
4.12232025698
4.1431270161
4.04333932966
4.09648011901
4.17693473793
4.25137717121
4.34457775351
4.24833186652
4.38235492655
4.40904014292
4.54936407989
4.5539689731
4.59589359119
4.50179558349
4.78775557883
4.80660806985
4.8789718666
