140
9999999.
-0.186592121863
0.0227761810459
0.0447299953589
0.022269224618
0.0795946714983
0.0444637051579
0.174682161407
0.0881738186171
0.0608703176425
0.102108196869
0.0794684499716
0.152655047599
0.224075139941
0.196772597992
0.274692467897
0.331536466291
0.268094143407
0.322501660781
0.164877845514
0.394423095918
0.336225692111
0.37157669151
0.483872075847
0.632727590162
0.630598797782
0.668315974914
0.718991545496
0.632507613641
0.715403651286
0.629911933078
0.627524705527
0.692379985382
0.76110954955
0.791914816639
0.747998931944
0.637113984932
0.873430889163
0.941675966011
0.784621780932
0.934388219856
1.0180337257
1.0186590447
1.03811822007
1.01610661259
0.992548383531
1.01395052335
1.10397290314
1.13994248459
1.13231077194
1.14546964905
1.17816019732
1.23260195107
1.2530809413
1.42066781293
1.35345326931
1.27723757203
1.28014906091
1.36261430421
1.19689351681
1.23838556322
1.39433069402
1.31215824569
1.38385163122
1.4483298592
1.51794683345
1.60870158827
1.74569198695
1.50743632922
1.67417276128
1.65869578562
1.73623450635
1.84744066973
1.87827597525
1.92207651762
1.99834056321
1.91529078976
2.05325489588
2.05985105722
1.99151103058
2.02067813647
2.1065784677
2.25772815328
2.28056632762
2.29946358496
2.28557327887
2.32526485996
2.39600573872
2.38711319871
2.42108403453
2.35168499817
2.46477539004
2.39350169228
2.47017274764
2.47584829749
2.57742125939
2.63487274439
2.73460916568
2.63919917862
2.66305302441
2.76208418453
2.77259035808
2.71311827347
2.90169091352
3.0410797012
2.97974881075
2.90758307558
2.99502411745
3.00156135871
3.0446820578
3.21797801986
3.12987613955
3.23683473225
3.37411825062
3.30957128992
3.28066619357
3.30882366504
3.39164101366
3.41342574878
3.47935652677
3.4375059736
3.50409840203
3.48751597869
3.54633784447
3.54613381494
3.73839741991
3.74256429114
3.73103159977
3.72078341311
3.68980951026
3.75300103888
3.75080197824
3.70645340116
3.70447340607
3.87105440556
3.95616483444
3.9780870467
4.06475294653
4.12247112012
4.18257832845
4.12892525376
