140
9999999.
-0.0219685152556
0.252775375748
-0.0214096775641
-0.227738976397
-0.275528150745
-0.139348736676
0.0477793915754
0.0623694000308
0.141489665141
0.262915203387
0.253609470498
0.0540488454541
-0.0416581764489
0.124693636672
0.339831509824
0.489267187779
0.525890606274
0.360954111344
0.332779502265
0.41044581492
0.499247284792
0.485742426381
0.592651019217
0.542794923365
0.454177203986
0.375434095101
0.418696079556
0.543236646801
0.515263561006
0.595552339675
0.769483678506
0.882680296695
0.852005619845
0.801617003981
0.727153168005
0.754905621253
0.791895457845
0.771072162329
0.846478518484
1.01849305598
1.0222176305
0.923097920545
0.667263488156
0.676364077991
0.71147317641
0.794833988214
0.868865483405
1.00820173586
0.933764366723
1.12058428576
1.18798892378
1.11324297044
1.21588736797
1.23562938418
1.20266213576
1.18316999564
1.42526574235
1.34340177737
1.19943637748
1.37380157895
1.38041415837
1.35767540756
1.41987600557
1.52500841283
1.4848088076
1.47213755256
1.63320827055
1.75566375897
1.88427177342
1.85907101771
1.74719449935
1.79510438211
1.93417100357
1.78475528345
1.73952132369
1.83370134653
2.13531690785
2.19980077186
2.15692379168
2.06177107544
2.15314601229
2.15887034627
1.99059177052
2.10482143824
2.13537491528
2.02155860912
2.17437423597
2.26396763343
2.21566558125
2.26773367168
2.23330196756
2.21729374401
2.47835366908
2.38795241211
2.3863633897
2.33860511059
2.416489573
2.59654215817
2.56881003415
2.70442539368
2.78576683866
2.69142816655
2.67635939758
2.80296273795
2.91433078581
2.96381525324
2.8711804887
3.06058370969
3.24909178142
3.12054555975
3.1055731841
3.24091629577
3.29981933955
3.35892565657
3.34389335788
3.36164224721
3.3540990349
3.49142576922
3.55809451583
3.39936270146
3.49649336117
3.55903821566
3.49198480788
3.5292414768
3.54221854828
3.61723374612
3.69637487132
3.90028580285
3.81378854972
3.79946170912
4.07999316232
4.03446983308
4.28254321965
4.4996883849
4.25557840204
4.10463698994
4.18666729021
4.31117651575
4.40887246266
4.80983954171
