140
9999999.
0.0324690237691
0.135487496072
-0.0277335108339
0.108666490095
0.215832868087
0.155127160889
0.193056683873
0.293002829162
0.247015831758
0.266832489085
0.278207026532
0.202564716749
0.202363074498
0.298499244136
0.354697448129
0.279091256331
0.151558540179
0.287929548407
0.370464575161
0.270487912078
0.297297226128
0.366141378728
0.401033853524
0.57495996986
0.593601080672
0.708704571611
0.714732128766
0.506466537066
0.568765847495
0.602539526088
0.755344909316
0.859142071386
0.836152712238
0.648393261925
0.83282991887
0.847423017461
0.87463639016
1.10779992318
0.996137324026
0.974135438554
1.15359374066
1.1326561146
1.12232346527
1.2688561422
1.09466057515
0.880010591266
1.08541233964
1.17993116149
1.19561510641
1.49337512441
1.61218432257
1.53352338493
1.60079958395
1.56635416542
1.63235809409
1.50848903348
1.6194089922
1.61451264225
1.43445171964
1.661748436
1.69378373825
1.95504779518
1.75282715518
1.72849323183
1.69556963845
1.68677948566
1.6903989762
1.76612949041
2.10916076972
2.23909051428
2.03340267444
2.06676446854
2.00661810561
2.20362634302
2.15395680501
2.17356439477
2.11626603267
2.4037050447
2.59224316685
2.51998509377
2.26007631756
2.24961199077
2.34899671709
2.42063904541
2.64920800329
2.64909395088
2.82450303383
2.96432781196
2.71073869277
2.71842073556
2.83441818652
3.03307173347
3.01704683952
2.98384608718
2.94306918949
3.07609850792
3.15213297299
3.25421948737
3.13563343378
3.2647548009
3.52740157645
3.7257137282
3.71090228613
3.6350606795
3.4094452964
3.36009204452
3.41942738511
3.58589089653
3.92431321085
3.77503623108
3.76911671476
3.85058603689
3.63531500496
3.61382548633
3.60437666842
3.8120070592
4.13450893535
4.2300851319
4.23245998657
4.18762790304
3.95947349245
4.16011641666
4.38206287517
4.44056589476
4.61667715382
4.37747598735
4.26737755364
4.3459471873
4.48266735073
4.67852242002
4.78525589608
4.6963853628
4.65579236231
4.68891476425
4.89582654235
4.88235820221
4.67049383642
4.89239484936
5.15152729079
4.90994177506
