156
9999999.
-0.176293719317
0.187795325679
0.186527533948
0.105646964941
0.617518132168
0.0531556223194
0.215772237483
-0.187120758333
0.317742579547
0.570379327915
0.759869490088
0.345985057746
-0.0930776177943
0.719079671303
0.0734916618655
0.561097734607
0.303259754059
0.177163246506
0.402637268316
0.150588253108
0.569037498362
0.378334574046
0.229869300422
0.584196192213
0.900920129763
0.894698512614
0.618643457938
0.576393833
0.363533705636
0.900922812762
0.471388325786
0.48744635952
0.50216893178
0.298094746152
0.412946706526
0.535746701959
1.11368297121
0.739442118913
0.613912555681
0.761815513857
0.393215061171
1.04590077966
0.821513589598
0.679539228366
0.977176278558
1.08623107786
0.921025826585
0.903216477256
0.659804151647
0.436364390456
1.05960964525
1.1743054997
0.633130301825
0.754753701677
1.038240939
0.876728890415
0.712244522698
0.951308199471
0.911444636461
1.29092757623
1.5057059444
1.03834275106
1.05924360445
1.07071179557
1.25872117703
1.14337237629
0.847984533281
0.818097280171
0.960905322326
1.43093142675
1.43564879482
1.06250316825
1.04435592311
1.25898461617
1.44572564936
1.32817199451
1.4436571601
1.29887992717
1.3260150992
1.35647662062
0.656418787832
1.49583968557
1.07557807292
1.39502556823
1.64880729761
1.32753767492
1.2733831537
1.01462900698
1.19010121747
1.29374331285
1.49534176438
1.78768171214
1.17239948463
1.27225383893
1.55472278309
1.9467158887
1.24520447074
1.39578813815
1.31179315916
1.58707586722
1.70464324144
1.33224981109
1.69166358588
1.56082062577
1.55887069979
1.79233956939
2.07655610175
1.445565876
1.76262800302
1.49184431558
1.65566334809
1.88739866675
1.81498440446
1.59151832508
1.85980814538
1.62648987159
1.68859236331
1.51329213354
1.93867145131
2.09145248917
1.80935640972
1.75840311218
1.86654668669
2.01570221585
1.80885365712
2.01297356859
1.84419320727
2.36196330706
1.57325861081
1.83024713856
1.91738127502
1.86601922662
1.5982402953
1.99912136353
1.99765558998
1.72615359699
2.08288464719
1.6307250357
1.94883086017
2.28094425063
2.14898443167
1.83542373913
2.0692900621
2.37406036737
1.83034763013
2.0446724821
2.40243956689
2.33985245002
1.97359059398
2.10202897648
1.97782396118
2.08844831301
2.40063624207
2.33026088479
2.24403641541
2.03266006936
