140
9999999.
1.02248651848
-0.204650910529
-0.467386569314
-0.451916394769
0.571833260245
0.39568734194
0.473867272602
0.0390063101391
0.506510949787
0.553335607791
0.016163647938
-0.448268680369
0.366639994431
1.46797580195
0.683000175878
0.409578087228
0.0192071122209
0.0837709016454
0.460091309783
0.315858396376
0.653940972551
0.144149902761
0.439819024224
0.14104601273
0.51470566097
0.630650701043
0.916026122044
0.378910878397
0.522392365026
0.63151913172
1.25727299637
0.605954368692
0.581385503968
0.823700141727
0.587991564484
0.81972854089
0.665436308644
0.754978526588
1.24960717311
0.837534739363
0.305374429578
0.522457479413
0.541507070626
0.888217980818
0.264137368573
1.25103691458
1.29567620885
1.13672045213
0.632220218209
1.68905502671
0.49702612753
1.10131529054
1.08577525481
1.0894278847
1.02218792787
0.970710850916
1.48564141725
0.608369714368
1.12830923947
1.50124511605
0.677697521531
0.713230919563
1.39894634748
0.749004090708
1.40038718443
1.30800468906
1.38131080306
1.72177042961
1.59629694428
1.04586629543
1.19330234598
1.36271665059
1.45855687645
1.16874196732
1.44175398515
1.89930619436
1.57267968824
1.41514184149
1.35511236967
1.46004264146
1.42373388165
1.12383481174
0.981193533516
2.01060560287
1.02932955827
2.07917113174
2.02459334412
1.36925771565
1.38305099186
1.61727492551
1.58480553633
2.27161776143
2.07408762758
1.22661651019
1.61206646983
1.94711879716
1.71766651327
1.84092049367
1.72207094549
2.02846457511
1.8052020064
1.51440384612
1.63324150601
2.33839757582
2.04269108265
1.54137587527
2.14179021431
2.57269219787
1.71385664383
1.35910392241
1.80452894063
1.95521700135
2.48633067156
2.382424124
1.31668042135
1.3908756302
2.09506061676
2.14529405438
1.44004004734
1.75878841048
2.38275155192
2.04455065975
1.41673661016
1.92316459693
2.49656283796
2.16391716038
2.44320274471
2.01779493364
2.34871553238
2.22386406217
2.24398075353
2.02510300774
2.95270130235
2.10517507608
1.73433553929
1.96389064393
3.06663749047
1.74682760654
2.8015401458
1.70074217372
