140
9999999.
-0.00981828269554
-0.397481057877
0.348310297644
0.0409001064642
0.0252725928571
0.154580686186
0.503644884438
0.143938768491
0.222470075873
0.122089813939
0.597111829201
-0.0291520725562
0.705696688973
0.285626975687
0.474484783263
0.569899292265
0.40380361914
0.462995821882
-0.0446460268548
0.453995089233
0.706625499782
0.908952633217
0.646961842177
0.548937374409
0.60851892634
0.783531941905
0.607113678785
0.684390127269
0.981085963716
0.520313140864
0.963911918998
0.702011007153
0.375312962009
1.18224472252
0.928899674494
0.843729003238
0.824042443987
0.718458911941
0.829142181282
1.22490889526
0.734220117392
1.34874662931
0.789004947061
1.12041393918
0.68034836705
0.764347843107
1.38249754319
1.04995292801
0.810109794942
1.07276582104
1.04606563298
1.02452528876
0.954214886225
1.23358559481
1.17560255087
1.12269291258
1.28897188984
1.09426118912
1.00131161769
1.16480627173
1.25887620786
1.2903578511
1.7625390636
1.28462382625
1.1223085824
1.39593679736
1.68062847234
1.49001593011
0.767945996904
1.59941392313
1.42746392008
1.49646695261
1.36799797579
1.41999771521
1.52027436335
1.23963806446
2.32521399178
0.892657101837
1.8896361843
1.68449762582
1.78491517552
1.78745237499
1.66535667852
1.86993118953
1.72389546461
1.73053629278
1.65318255126
1.45295568008
1.99702591452
2.01018324096
1.8250070154
1.51213827407
1.92290562524
1.62185901847
1.93974678307
1.93269056532
1.71120585761
1.76347113454
1.79418516886
1.70213860703
1.7077544424
2.19559284376
1.64441593779
2.33929949345
1.99721497086
1.89491355326
1.5327290027
2.23635008832
2.09958610244
2.12112353636
2.14275589657
1.96106948036
1.80400598439
1.94287070486
1.87317252611
2.15901355452
2.36809075023
2.12774125152
2.56430437134
1.7611494377
2.37816995084
2.5275668748
2.42746891908
2.07998766715
2.09738812343
1.93505059963
1.99016559193
1.74678733265
2.29537938534
2.71216022424
2.44875836565
2.41392685171
2.04212043533
2.124042407
2.31116465455
2.49821053209
2.63834441397
2.08664797134
2.58865221067
2.17495352668
