140
9999999.
-0.101543702726
-0.135099939716
0.00386089175317
-0.0658125069546
0.20704941594
0.20455900745
0.303442764834
-0.069586154997
-0.206617192338
-0.256244651915
0.25728505256
0.622339008332
0.626748973358
0.110832301911
0.116218171818
-0.0736579878615
0.389112819925
0.726193312159
0.801515432599
0.647391552302
0.492193975074
0.603483377809
0.428467019284
0.580013201441
0.444676331891
0.826455562313
0.586552235855
0.661298314071
0.451447801001
0.837887140303
0.672802838632
0.678808714191
0.703510510337
0.606995908371
0.402653501353
0.795262427889
0.773334002378
0.678937711122
0.623770266418
0.805880992482
0.620442817481
1.01451468937
1.01071066388
1.26279733131
0.714950063839
0.855349075269
1.13586618896
0.95266512586
0.828972996457
1.15414729922
0.736945952003
1.02553179475
1.4645120194
1.32019522237
0.709426839669
0.133205285437
1.26404664886
1.72403597669
1.32759744684
1.39100755591
1.1228576122
0.487412909422
0.670700817239
1.55629152778
1.64879299416
1.62989736929
1.41556790307
1.55456000548
0.618806619276
0.38919407337
1.05896580679
1.66313802662
1.68525833728
1.66607134031
1.55895508039
0.883833994932
1.67628784331
1.81408803025
1.40393126784
1.40456232079
1.57106009203
1.18795429328
0.507009386071
1.26948744649
2.02038781946
1.78149271238
1.83119298782
1.95052172254
1.22482673555
1.19115278397
2.03449315134
2.04933903383
1.90353096794
0.763054531224
1.70332858592
2.14096726101
2.18294528186
2.02953635054
1.72297078104
1.41213393492
1.60264429008
2.03984969251
2.24598058369
2.04696732781
1.68684972982
1.28561164185
2.14107700091
2.23218459196
2.31696157079
2.40664086655
1.55424668698
1.81083322071
2.50172649038
2.65413239111
1.8460685567
1.64416668601
1.66016452977
2.5123184064
2.58386599793
2.24957957211
1.91003083769
1.5265301132
2.07462413147
2.52061590344
2.63372946817
2.47880252987
1.75009372327
2.23124895163
2.42475250162
2.57529741699
2.36717584617
2.96373187803
1.84375471662
1.98386776822
2.87012908328
2.39673804247
2.32947240918
2.29903151784
2.37055853905
2.58734159926
