140
9999999.
-0.242618558811
0.495423795908
0.412081749752
0.0371570690346
-0.181487390042
-0.0802957173498
0.0812914167208
0.30870519018
0.20741135527
0.897995087432
0.751534237595
0.421461271344
0.60646848398
0.212751826136
0.34092291894
0.179090380855
0.435010065108
0.133857965381
0.211168432626
0.523435738136
0.711378836193
0.167614943354
0.696674537665
0.655799915264
0.730243322022
0.927719685209
0.306538014318
0.686861738729
0.736649410586
0.920784387749
0.820904908078
1.00473223781
0.733562496611
0.842260683451
0.987012981902
0.955391553388
1.48759029726
0.920244878594
0.594095842136
1.02250827315
1.59705128489
1.02142254695
1.16825867409
1.44761411783
0.813577146065
0.707576014231
1.07133174239
1.35053946915
1.07124682938
1.06779832035
0.836571497502
1.04622716965
1.48870052104
0.933367788718
1.33639289994
0.864485226571
1.46857481082
0.883655257469
1.07474608472
1.55389851352
1.7823436775
1.06650304134
1.67190945039
1.0815890659
1.00004880883
1.29619966778
1.59710970858
1.06163157125
1.15179306497
1.43375873006
1.35512100332
1.40644132622
1.19642021262
1.65368510507
1.31231147872
1.65885391064
1.03591879447
1.26101984456
1.62034488478
1.97749776073
1.53135076472
1.42221005811
1.42996422793
1.50992128916
1.70947343491
2.229461837
1.78583547355
1.53762201962
1.39359762155
1.46784134186
1.55330921593
1.72555119355
2.04524461093
1.95241454458
1.64296918581
1.93859923565
1.78488945425
1.87752894243
1.84064697078
1.41683217703
1.75070566073
1.73270543425
1.81601173536
2.10512933263
1.56613422146
1.6987118245
1.43813999708
2.17620987247
2.49134761599
2.15510280978
2.14542216369
1.83796598345
2.42840559559
1.4035908505
1.56725299888
2.05933985517
2.09946825674
1.75435051606
2.37396163994
1.68726913555
1.84678852295
1.89728422912
2.09606420978
2.22441424429
2.12764329441
1.93741887339
2.4178594617
2.21200249808
2.26397450476
2.51309206874
2.76505618647
2.25289068722
2.61872167922
1.73683932286
2.31825983292
2.1805028153
2.06456059552
2.36606103887
2.39437107359
2.02937721957
