140
9999999.
0.00617096938433
-0.0599655829153
-0.0218436937975
-0.0557890806661
-0.0983259870492
0.0656984362492
0.0590287853296
0.169209722711
0.44700537325
0.19398905727
0.115055145509
0.0864015146029
0.300793681877
0.377767186064
0.461851010506
0.32903424597
0.0961435764802
0.153792628
0.132908874285
0.314785570882
0.475013504481
0.521702105603
0.489650681616
0.49409959326
0.469937755887
0.561647426051
0.501368895044
0.524845136786
0.491773228464
0.437276918778
0.487095681486
0.501087972349
0.530375372226
0.740057095837
0.740361181647
0.635863299244
0.557926033436
0.622859984808
0.720579933982
0.656797622629
0.600367810556
0.586062962597
0.625583999396
0.771865455594
0.836496846064
0.699793885934
0.698575432796
0.888768059533
0.927700667034
0.83249702845
1.05984011795
0.85366049966
0.931383937839
1.05599234101
1.40196278578
1.31977520478
0.835944933951
0.896571644269
1.14759751974
1.30993185137
1.50196814946
1.72847387683
1.38526842021
1.15241468804
1.17373507576
1.25600339737
1.35649037058
1.59761320443
1.79925742869
1.87125671248
1.44822761934
1.26082169504
1.33472180593
1.48223116935
1.69215186391
1.68495460834
1.47458092752
1.61211416149
1.75755296386
1.8162907409
1.93178781592
2.03316443474
2.13638050164
1.79862137586
1.75002182837
1.87188987558
1.95224614751
2.2154458413
2.25392771454
2.01468915126
1.8922727944
2.00291082315
2.33206149868
2.44839610783
2.11203506606
2.00029328593
2.11577049695
2.26172657368
2.47897869016
2.60733695079
2.36578705681
2.3489037024
2.24552278799
2.53796972818
2.73973556395
2.66654524744
2.39231595393
2.41506204556
2.46299879312
2.6804434816
2.88513800116
2.67193032551
2.51661011016
2.74966535955
3.11177515219
3.22767279083
2.92918009342
2.81387703675
2.85846204266
3.05601610271
3.29448512094
3.33154912226
3.04303089785
2.90637126829
3.10304163224
3.30651040711
3.5569577741
3.41620263813
3.2530021222
3.42012209413
3.34807266773
3.45966150081
3.83884035928
3.56446666723
3.51129204621
3.73534414028
3.83802757242
3.79808274492
3.7208418722
3.68353791364
