200
9999999.
0.252166321081
0.289920725281
0.0838185799056
-0.41799900483
0.363475557204
0.262707418535
-0.325955552703
0.175876999214
0.713633586251
0.19882697336
-0.151536292617
-0.0261917885198
1.04781569468
0.810444932214
-0.245514053042
-0.248226074741
0.579228725674
0.733121971202
0.527972070435
0.339075326047
-0.720794129822
0.865186847874
0.490681150408
0.367482405705
0.100437121568
0.847722015858
0.956198044677
-0.500437071993
0.48015270777
1.61834167747
0.498719213721
0.243169037327
0.665436413009
0.78405883892
0.57250284924
0.771470043236
0.735547291144
0.392426046534
0.825034523856
0.870763849267
0.23919234577
1.22405258408
1.12130594109
0.808718402242
-0.0170785282482
0.957506242686
1.22918129335
0.445842866805
1.57368843255
1.19906494625
-0.0102598780059
1.14989761097
1.09223665163
1.16446482919
0.788515055108
0.934518528562
1.54489625654
1.35244972904
1.046010132
0.895596981023
0.72832315406
0.911724020397
1.7223478234
1.09566167116
0.267888511484
0.974391088703
1.85014758272
1.70170811263
1.56098507719
0.876234685922
0.633053490834
1.83394516581
1.36217914536
1.08763920204
1.2492657702
0.772994252938
1.09425686005
1.31239267541
1.51343249303
1.12888057306
0.725841325259
1.90640649912
1.13238473913
0.767691895527
0.992268215692
1.10968695029
1.20926034818
1.04127203269
1.23324482779
0.227717045754
1.61321373378
0.995523139724
0.582409552118
1.52306098207
1.30647949344
0.856039279413
0.861077893472
0.780864542024
1.00161780249
1.31244969973
1.30977592687
0.307145845512
0.685418656272
1.25882211073
1.53800441385
0.780423000335
0.4128424433
1.43229744613
1.53534236125
0.386060238563
0.720884330979
1.28607922181
0.613260067787
1.3182373844
1.69703097735
0.772373193102
0.93293938613
0.485269718905
1.26237905987
1.21113934498
0.397199892224
1.18877162579
1.24032568604
0.831235592276
0.315863781793
1.47817108532
0.922117279119
0.658144063649
1.03309802417
0.973486847951
0.659097996796
1.06427586876
0.238702687351
1.47690488907
1.57025944832
0.222651200922
0.806806374927
0.753345586384
0.41439654704
0.987872960802
0.825363921617
1.17155009745
0.589403008083
1.28281094565
1.17121852423
0.68695494469
0.821526349995
0.468192088251
0.782399529606
0.939785622258
0.507728194716
0.259037644378
1.99979316538
0.842566224338
0.653276893144
1.26632207779
1.14859354185
0.559182774261
0.9864400228
0.985136963292
1.36180844702
0.677617029926
0.619004995484
0.568439246422
0.794609484363
1.22585629577
0.712385976783
0.623716013801
1.08439843868
0.875557747019
0.742371146902
0.465442760508
1.7210487892
0.934697099461
-0.0247333804684
0.81166199209
0.760936957528
0.686616826931
0.872893169825
1.15211483392
0.462550120122
1.16626705465
0.88910393005
1.02689127345
0.849640803995
0.445933006714
0.791000435083
0.677710494967
0.960399357101
0.21482829983
1.3296561675
1.55982419443
0.759069021403
0.355079664358
0.347283774269
1.30400660227
0.832163998541
0.98008510123
0.0316777896105
1.14493977788
