140
9999999.
0.112677632054
0.204168776634
-0.00274911912488
0.651581726629
0.164597798335
-0.016277113276
-0.0650208788521
0.0566738124464
0.859420227704
0.495283139674
0.631218526361
0.0310346886531
0.250875083173
0.378408239182
0.331014818234
0.141296145901
0.535688899218
0.19367855902
1.23887817494
0.270930753999
0.564354080228
0.492699082786
0.071944698077
0.648279152622
0.292629277146
0.679310118566
0.846104670676
0.798821580146
0.53656912321
0.994074194693
0.351254287355
0.273182792428
1.27577844015
0.839386877912
1.03129591346
0.692446695046
1.05599317325
0.632116633103
1.27471098217
0.980715741426
1.15599871048
0.637151313152
0.611802566147
0.736183027025
1.35930098435
0.873953008732
1.56850819386
0.618396352523
1.41215086344
1.05931890892
0.893052203512
1.3479226764
1.54094115397
1.15417310006
1.0167641341
1.19216694856
0.961718428509
1.29002779053
1.55489198071
1.42777618419
0.884012640828
1.15421599731
1.46657393511
1.38417869366
1.83698297211
1.47725794126
1.74113240695
1.2611300761
1.24350044434
1.60989387948
1.32827562997
1.15841470233
2.22394170746
1.57678766939
1.04512882014
2.11439163468
2.31696686221
1.39935071109
1.66363041642
0.799670212513
1.9415012579
1.45987690039
1.45841460333
1.36460989755
1.91467852479
1.96410854639
1.50098025887
1.90535308539
1.9715400628
1.51947625699
1.82119635342
1.46124626551
1.65653203508
2.01023241519
1.84867028278
1.57577720393
1.89324501798
1.58764971131
1.76685788853
2.18012779661
1.89880266312
1.89201292068
1.81099256399
2.17870923044
1.9166508602
2.03485422813
1.88514858116
1.90643976073
1.69398545042
2.0346314644
1.66309005033
1.9583828077
2.5564512746
1.98425243865
1.64084262045
2.23270056922
1.81352131822
2.19941589457
2.07509725435
2.35703369179
1.82523572915
2.24188728324
2.33903366126
2.41843934231
1.61965121199
2.05855698303
2.32924941718
1.84148257049
2.61917832386
1.77557890146
2.56667706211
2.26821070025
2.56087728336
2.2590789012
2.46125443232
1.767745049
2.38948294469
2.40251017773
2.8111824691
2.17916280242
