140
9999999.
0.307516816573
0.0916640968221
-0.0347779019735
0.0961942254547
0.0365431917442
0.0178401452879
0.0523120442826
0.260925545139
0.231732090505
0.0772848335469
0.186854395026
0.229302671222
0.103778391841
0.185385539503
0.143155721611
0.182402425933
0.397622825912
0.456350952598
0.437865577563
0.379403364417
0.270270488909
0.494251886034
0.723236518837
0.564658706382
0.54639015703
0.601187107341
0.597439251734
0.633525632471
0.756079870919
0.736617721816
0.688121342589
0.786917879246
0.71836535212
0.806254945242
0.931586185074
0.95176873397
1.04622575787
0.953086372854
0.947824020322
0.936780878573
0.912260128915
1.14079404914
1.04004376329
1.22464033894
1.23904654393
1.12902419112
1.27966596377
1.44829376482
1.46578126908
1.32566537894
1.39293826346
1.53374048949
1.48825614235
1.57515121908
1.50908178486
1.50396463254
1.61185321563
1.69522697857
1.68126758315
1.72421565215
1.56346348478
1.74370165615
1.82945241603
1.88886026032
1.92276826622
1.74694740443
1.98275441389
2.05651100768
2.05966288755
1.86786981093
2.00377183953
2.05168277589
2.17505272094
2.0371354458
2.1759635948
2.0434442836
2.1518508051
2.17815592173
2.18241950648
2.36884773553
2.52823198523
2.51838332542
2.69187367989
2.70640606155
2.63921606042
2.67799077231
2.6644412225
2.70594113821
2.73552045149
2.87935329484
3.0339000749
2.98337739649
2.8978630535
3.02326316093
3.10138415504
3.23069731423
3.21379036079
3.11430427459
3.50185886613
3.41175866931
3.25273751174
3.36186572329
3.21808984734
3.41471861825
3.45802910094
3.45928680892
3.5057135204
3.43834503504
3.71385697447
3.62417843913
3.74734963873
3.88598328833
3.72366249829
3.81106001894
3.8931400673
3.83913008089
3.99619625233
4.08686155237
3.94289715283
4.08212707099
4.09900577552
4.25425201648
4.42285686237
4.4566593531
4.33580470827
4.4305801636
4.22888395416
4.3121768089
4.26767109513
4.47616041904
4.64946618705
4.68870358271
4.7045506039
4.64270323381
4.63962790702
4.85001431758
5.06297776277
5.06571996941
4.92575381756
5.10316907142
