140
9999999.
-0.0570662316443
0.0404273254254
-0.101971066092
-0.0657070471681
-0.0923239395047
0.0175595485386
0.11469857228
0.00859763058702
0.0336932267659
0.231374963315
0.194241036986
0.0760743861126
0.193489523317
0.241297669415
0.164259545964
0.346527999896
0.318371032419
0.0579532454256
0.229167300043
0.384574824511
0.500830542228
0.480860819507
0.227251000781
0.250744784546
0.247170809177
0.287780768883
0.357968434877
0.351324257198
0.387326173186
0.536961610296
0.456907360153
0.480872423424
0.584746698449
0.457750650277
0.478843529445
0.519076782622
0.596974962441
0.705284194955
0.779003880472
0.687892472695
0.661576438561
0.774771137884
0.756209284424
0.780286676956
0.842954671975
0.794979361064
0.992319961368
1.10331684098
0.936630046269
0.734119271719
0.847141921808
0.978854954259
1.00493388626
0.991086503427
1.04009992541
1.1299227172
1.09616093188
1.09239175813
0.974346895007
0.995295547021
1.06683679841
1.23103835523
1.1344325552
1.19683881148
1.13633106019
1.34324866143
1.33538977213
1.42666279455
1.35322910028
1.36208108418
1.43017522464
1.5039092145
1.35946956975
1.50398742261
1.61596635178
1.72865376534
1.515800714
1.65160056521
1.68675589453
1.66685833545
1.79729629915
1.82332218399
1.82763672393
1.80404206698
1.85978340486
1.91492060025
1.89164526251
1.9662013245
1.91269998587
1.90181006937
2.06951175599
2.1076299051
2.0701569338
2.08577889061
2.21596293749
2.076400919
2.11419386271
2.19468133334
2.10035938705
2.16340184501
2.31794381994
2.28475261533
2.23677107882
2.37441937676
2.39688000531
2.45467891069
2.41273503431
2.46471041483
2.50521588207
2.49552717524
2.5748395064
2.53429327416
2.67099408788
2.74274519654
2.65164806523
2.68476573404
2.80607168013
2.82311284394
2.83546063206
2.77648300582
2.71763057406
2.85820000281
3.05513953226
2.97073315645
2.92498101815
3.06892370576
3.16194423576
3.13579875753
3.08540551565
3.30037370592
3.18244803306
3.1768997637
3.22629855847
3.26409706547
3.39442140113
3.53990719904
3.46669818748
3.58833769403
3.57360182128
3.54418959901
