140
9999999.
-0.0383583563466
0.0609259497892
0.121369446463
0.1970676329
0.083033222496
0.0737279515713
0.348109240273
0.125320520854
0.136509612879
0.352269713331
0.335356478355
0.188763005106
0.201717961907
0.297620909786
0.485923067526
0.413459189006
0.528642195457
0.29227680621
0.532536933381
0.766084745801
0.576671624298
0.383723714954
0.676537190736
0.868516582985
0.720602223309
0.617268958554
0.765733705007
0.87194675912
1.19070576789
0.99539998295
1.06944578921
1.17252315595
1.04789779239
0.874299452062
1.08757310344
1.29551222804
1.20805556924
1.07336120078
1.32063419967
1.27214446943
1.32328813375
1.44971756862
1.56134031107
1.47053838863
1.2838041115
1.28943838949
1.34892795726
1.59442871312
1.60298656401
1.4925904222
1.55847409985
1.63298494283
1.98319972496
1.81599013033
1.65128644483
1.76345480585
1.97625659105
2.16960243641
1.78528177476
1.9450488735
2.22826708107
2.38418285665
2.25299922716
2.00775573498
2.40151406985
2.37531244633
2.39174383316
2.55048690337
2.53778834916
2.51829848753
2.44482558489
2.44232004535
2.55829146051
2.53210712257
2.68363752627
2.47577544471
2.71004085107
2.80614143576
2.72708721547
2.75917609746
2.88718059699
2.89245291439
3.06629048707
2.95913605784
2.84488119423
3.04790432234
3.3590719187
3.37772932552
3.32978392426
3.130015527
3.32877575044
3.38773998138
3.16481499407
3.17252057672
3.48287822332
3.79265261438
3.8525120744
3.66417675383
3.53334121332
3.78941359194
3.66705057556
3.53045681571
3.83129297585
4.05504524267
4.02138388488
3.76666902559
4.000405664
4.0753952948
4.06149727888
4.13070218032
4.23408291043
4.22619522911
4.39677044238
4.10648514163
4.14603133112
4.32702524951
4.49963611149
4.40097581849
4.31662795126
4.34894947798
4.49186294819
4.78317225208
4.66307043583
4.84034230872
4.94834582334
4.87912554293
4.93484583491
5.04525839837
4.92484589519
4.95016668789
4.93862485645
4.93167538422
4.97148425836
5.08966937847
5.02651365647
4.89044691442
4.87757781051
5.10735448652
5.28525580275
5.22210884801
