151
9999999.
-0.416193423412
0.0144952541639
-0.14926660157
-0.137088288335
0.038364454853
0.261086082115
0.0818291636843
0.209773852699
0.381992540951
0.640487899893
0.454258341353
0.0710157080476
0.267803904966
0.330500870551
0.486111669105
0.574178425488
0.705967955074
0.743591661866
0.509230312914
0.312910314221
0.448176918058
0.514491337748
0.404326526397
0.602868208141
0.744532570213
0.707152192424
0.903270260149
0.983801103521
0.642010915437
1.16030315116
0.652493937053
1.03815720335
0.994492744214
1.01388689013
0.839586496891
1.00864254491
1.03860864093
1.06675451396
0.971215403811
0.91283694819
0.77044152527
1.19442996595
1.05057146514
1.45030366845
1.04337727121
1.28004908025
1.11879069176
1.28412268366
0.937199874066
1.24428955876
0.884467626188
1.19109236071
1.0442281183
1.05980908997
1.23125466985
1.00518492167
1.20067605527
1.29673176578
1.40869887023
1.33146114443
1.39211285163
0.919517737748
1.44031365842
1.61639868636
1.30227575092
1.36874798666
1.77122663206
1.6777318688
1.43708945843
1.76063481847
1.78228590344
1.36125043366
1.24133675713
1.89617053674
1.32756384943
1.80867244639
1.43834323237
1.65490594108
1.55992656187
1.90044876149
1.50340380041
1.42154266444
1.66288885602
1.64304282702
1.67856371531
1.76896257611
1.84965614985
1.51973591054
1.77411769187
1.90447341563
1.86703607419
1.57900134008
1.88102279032
1.51660355808
1.8425581053
1.70614540531
2.14893209943
1.84126711661
1.52049290206
1.90642293922
1.83008349686
2.0754143482
1.41830063177
2.17524867784
2.21483693317
1.65467272869
1.81704647534
1.77537021509
1.89246161132
1.88891005899
2.06449992742
1.72892944393
1.89952481603
2.20333244566
2.13292261764
2.21340185648
1.71724782859
2.05217890152
2.21125371858
2.30064860152
2.37681560113
2.00919125325
1.87686099979
2.27978724446
2.05083289568
2.05343027024
2.15541494088
2.18243312383
2.03930307316
1.9142822052
1.87362022999
2.17327552551
1.93846785628
1.90280754192
2.04108430589
1.92292115161
1.93414916469
1.96309460483
2.18394380279
2.00393333466
2.48973374051
2.24240656677
1.95637699762
2.00271197789
1.73052478557
2.23616930728
2.01607382698
1.81188886658
1.90197510208
1.96311671603
2.06849924143
