140
9999999.
0.486196036689
-0.0667929624383
0.081343523607
0.19760226839
0.0989168233827
0.383336578165
-0.0970146925607
0.0374339003979
0.509337602103
0.28807850729
-0.119251765697
0.312619074794
-0.285209461775
1.09473560362
0.245303563539
0.402012205604
0.31775913125
0.403335543516
0.63259402577
0.284820346442
0.610820602738
0.558514971028
0.774478801505
0.515410326705
0.449090752546
0.750332591032
-0.141886987942
0.457899373084
0.588814663076
0.622759782957
0.895900030319
0.487346741555
0.391292928483
0.614800010566
0.535976987918
0.855793093716
0.901223143641
0.241036182743
0.930137906686
0.656565041027
0.765991109387
0.594592593443
0.896362912805
0.609726200108
0.848076947309
0.702015594427
0.725952069288
0.62897481537
0.883686868809
0.567354233722
0.979243364732
0.670452706384
0.704447016406
0.659508114277
0.597796453283
0.618827830735
0.831567940069
0.874625636757
0.895628793944
1.26993436646
0.940046876757
0.980810199993
1.22612802592
0.976175691464
1.14129570164
1.49893706431
0.594818034404
0.937810640098
1.03821812149
1.15859845408
1.18197117473
1.0532998382
0.962974207539
1.4544347949
0.806008183591
1.24722340927
1.07663925626
1.0407970528
0.968485070143
1.52135443043
1.01549055214
1.0747879415
1.11600267241
1.31124036846
1.38524637289
1.18613840541
1.47592032122
1.35016685763
0.929864876099
1.01370567206
1.39418973768
1.21898002774
1.31810901509
0.759317302632
1.20370465094
1.51516582753
1.02937684609
1.22167794427
1.36827379251
1.69890872278
1.13648384249
1.62190924961
1.20883232396
1.30286011934
1.45383645036
1.18766727703
1.72084796354
1.27399364112
1.79901879132
1.43471444593
1.67230918779
1.36250086919
1.21423747753
1.24714193714
1.23853314928
1.5418881917
1.78162713795
1.45284282391
1.55968527271
1.46535868955
1.38238234233
1.54422259386
1.36293543208
1.76675453228
1.70042097872
1.45671869334
1.4883468677
1.12123965921
1.67248430313
1.34912975034
1.783769534
1.57083577964
1.920726933
1.6089964682
1.75463374139
1.71678292852
1.74630434177
1.89029033696
1.29824626218
1.87540243633
