140
9999999.
-0.172803221712
-0.101559594305
0.170463719728
0.20415587885
0.00480369773733
0.297116330162
0.147211230153
0.415460557632
0.307480809204
-0.0584289020089
0.389290496143
-0.0823796295585
0.528390101651
0.391112001945
0.340552716834
0.246331202336
0.706282737317
0.738593147257
0.412473635309
0.776355783524
0.575735685397
1.05793929913
0.842459716885
0.71986229084
0.935529216671
0.699862847347
0.524268111118
0.805915649675
0.572137964263
0.645340551535
0.51321231189
0.802160133843
0.499832151829
0.837954569084
0.618701213876
0.63309375335
0.951459479369
0.774078988937
1.07624168484
0.604899413905
0.631903196375
0.759526001966
0.509809627448
0.792520022248
0.53258136139
0.677994456594
0.837959312494
0.816844518654
0.753204931644
1.25168175208
0.908622409255
0.569676238887
1.23935914204
0.873079209699
1.10129183242
1.0949925398
0.912768218502
1.15104750528
1.15064492944
1.16907874098
0.767082932292
0.833875260899
1.13660334167
1.20319309072
1.34442262043
1.05450101286
1.42730691369
1.22719132416
1.23364769667
1.32108000314
1.29716531632
1.39747118121
1.26531459811
1.55917798688
1.25965807925
1.29225486343
1.04115348642
1.53101875002
1.39940901372
1.55744785031
1.26911846506
1.38361291797
1.40525362902
1.53131330369
1.43780975965
1.31670229158
1.52597603921
1.00969058443
1.30062655161
1.39385438629
1.37913229003
1.72291711013
1.48215367543
1.37065805121
1.68465412197
1.37495329883
2.13833418038
1.5207669037
1.68308100866
1.85897371687
1.51160617911
2.17866430015
1.4748479147
1.42551065173
1.67947476778
1.75790152395
2.18842974744
1.69823477072
1.77288825274
2.12615520186
2.05137454526
1.48925302051
1.86408016473
1.73964108891
1.98684112508
1.6031203645
1.53608131856
1.98725340954
1.78344330242
2.1431333894
2.2352679869
1.53163976774
2.06830457421
2.03025818237
2.0145521061
1.98453253412
1.96658860734
1.99080457041
1.86290237578
2.07730193817
1.75515981761
2.07411433365
1.94794562986
1.81499987962
2.2978257109
2.05445588281
2.19088594303
1.93739326835
2.12024081357
2.28231500571
