140
9999999.
0.162948153292
0.275717700258
0.150852391632
-0.0759887464308
0.208345700265
0.153486863328
0.104682458677
0.822990904657
0.66858270418
-0.409490721358
0.43735106648
0.345950001243
0.391328006982
0.272780966609
0.159100620327
0.94025949307
0.643954795068
0.48746805301
0.185296503534
0.590167918358
0.487907660939
0.915608769091
0.836274871158
1.0145302132
0.367850944287
0.118343266895
1.11943067179
1.5842221968
1.03254806997
1.03001758639
0.622659743938
1.18973790149
0.81296911411
0.430656154189
1.42866464104
0.612787380301
0.0526967655318
1.07137028041
1.02869806958
1.32917354677
0.720702704132
0.778007718846
0.661221487775
0.622634203458
1.41805502793
0.752279713034
0.902145406057
1.82313634613
0.319496148143
1.22662917723
1.26829145692
1.1455519287
1.47707821998
1.16902022219
1.0833255246
0.728475647023
1.3456239049
1.06548936499
0.84732989886
1.13115428738
1.69168723011
1.23469543385
1.23835889582
1.75084398226
1.63387737833
1.26105815733
1.62205580197
1.21598341622
1.3245753232
1.40642706833
1.63480945125
1.21495713806
1.3690036206
1.96971372826
1.95248200106
1.60992042511
1.66733226629
1.94641534701
1.45860805605
1.39293258217
2.05806143926
1.74027485658
1.46796894586
1.88993797953
1.88590778457
1.73486488627
1.77084081797
1.84444245391
0.846339558987
1.93557489437
2.3362007785
1.74052151326
2.40939655833
1.36168834923
1.24875398971
2.27516207345
2.67458266469
1.50198115446
1.53146047356
2.00022146495
2.08312762871
1.94942204398
2.32982987747
2.08000579192
2.3401044915
2.31067724917
2.85633101176
2.22216887866
2.65638383345
1.99775786712
2.01369194833
2.11774860352
2.38967713018
2.96246059758
2.50922969723
2.69302153911
2.53301914316
2.55241772448
1.99201615423
2.82160181842
2.81792948806
3.00313836571
2.90480435733
2.05725080357
2.50466509258
2.71675083185
2.62740380739
2.44500418919
2.99706624762
3.11844885935
3.33648454652
2.43109203874
2.59800647329
2.91072415798
3.32569589387
3.19181250224
2.77733012296
2.80214216456
2.69001434261
3.52551257061
