140
9999999.
0.667818902102
0.18033013086
0.0907264205928
0.233557906851
0.251677438807
0.482725445049
-0.166458625635
0.253294101811
0.620062558381
0.457240478196
0.362959134143
0.0758545614447
0.291871475357
0.599567109448
0.385230464522
0.437699678057
0.511180839244
0.521778265883
0.241430335606
0.604317034708
0.367835614962
0.337755449931
0.492901289628
0.0754848348473
0.473046513393
0.685422808079
0.537034202476
0.853002867214
0.845422254057
0.401291420093
0.912349381189
0.340919805995
0.22106718671
0.990666500257
0.168476093717
0.195903752768
0.983619441961
0.586865019607
0.812471445043
1.27809989974
0.472288461141
0.738926512278
0.766755264807
1.05485359994
0.543439323528
0.668449189245
0.741593718034
0.996115354845
0.532338323308
0.809449664593
0.770142303969
1.20700507077
0.963588797762
0.722219615645
1.01633066552
0.785211637682
0.773697861659
1.15237730617
1.29217653412
0.982590760203
0.85012385616
0.835873884109
0.909904616426
1.0716227059
0.811800692395
0.741482364038
1.24611448953
1.00436968943
1.16404577818
0.560693811408
1.22341090818
1.21463661944
0.948672914024
1.1254676919
1.32083742705
0.488721485529
1.28505982352
1.25533793066
1.41639122735
1.63812901269
0.938035359249
1.27610481901
1.20047794543
1.32519718501
1.08310569751
1.33398091727
1.34201687958
1.32207720644
1.21022558983
1.32585558745
1.01977792743
1.30686402441
1.37259704644
1.07685941412
0.935747427049
1.64039654539
1.26822844068
1.48474144744
1.16510651597
0.942851380521
1.09550360578
1.28079879075
1.42029353576
1.51733717377
1.35881710115
1.35105498309
1.47749431731
1.60597102654
1.45739761849
1.89782836792
1.22891072497
1.62593368808
1.62111821449
0.949097517111
1.58070818122
1.07951644598
1.51472508787
1.37326318116
1.63689210475
1.67572720738
1.36802129421
1.42902998125
1.7675136952
1.29314535662
1.3170270967
2.10468790414
1.81220415678
1.47003950257
1.76255643255
1.66037528733
2.1973667974
1.37844298851
1.45971644986
1.53002023362
1.20153115627
1.56850029956
1.95091096548
1.36343465783
1.74639190678
1.46510080345
