156
9999999.
0.158297559499
0.0493467950171
0.0528783521747
0.00562097998334
0.0193380244756
0.0993395852203
0.167824977137
0.18844852287
0.235859786065
0.249847657139
0.212077471379
0.264969085795
0.42757919389
0.426030656335
0.458540239592
0.533500996395
0.487883166808
0.578561618794
0.519568465164
0.461269745117
0.464999216598
0.490248188086
0.55533686604
0.460983248823
0.370745628128
0.524047174072
0.638381071896
0.719619918659
0.665086938214
0.559358617724
0.663824796736
0.75791515666
0.875738721209
0.850953546622
0.86107429385
0.806976298079
0.805821649769
0.955080755428
0.90196712806
0.916710458879
0.883013185942
0.81985946439
1.02255944873
1.06028050093
0.954534006229
1.08080681684
1.08592350493
1.18914883051
1.31019919619
1.16499344402
1.05688765615
1.22865587372
1.51120148703
1.2676417706
1.29337198542
1.24487375523
1.46709244562
1.44986674076
1.43104156551
1.39735024621
1.55143008271
1.63061691351
1.6515252772
1.61141090767
1.57043718466
1.74045949045
1.67184224347
1.72402929677
1.59652110287
1.51184133245
1.70166613499
1.80896224647
1.78596321755
1.83363388714
1.93543583757
1.95649378845
1.95597232587
1.99071131547
1.98018654079
2.2441058123
2.25222575376
2.13111568019
2.14205912953
2.0946445318
2.19914882002
2.34416089939
2.3900394938
2.41262794746
2.35211754758
2.3359924005
2.29109577511
2.46445527204
2.51065769567
2.48591684539
2.4438505392
2.55071639996
2.69326913833
2.66536402505
2.61714017402
2.6842216129
2.8423705249
2.80634769234
2.88128736158
2.86289967254
2.92278852025
2.91848531348
2.93829988451
3.10220391173
3.15422334317
3.16075759913
3.04129018713
2.99927036282
3.13364650946
3.19928695188
3.20448405003
3.28372941963
3.42285711882
3.40621991467
3.33357929728
3.38665779269
3.56304874722
3.50962139613
3.47893289356
3.62504588081
3.49542445336
3.53931290525
3.61874027187
3.78627424983
3.92710346768
3.93106956628
3.90926507321
4.00972399726
3.96617749769
3.96875532345
4.02039275713
4.07343349634
4.16602450215
4.16788645589
4.09197107796
4.09433867075
4.26388540695
4.38122423273
4.24929717341
4.45420903725
4.59709137279
4.43116020715
4.52453138186
4.55945056569
4.6702705337
4.66818355131
4.68286270958
4.71316731455
4.72708299215
4.75104459581
4.88204032066
5.00637110733
