140
9999999.
0.134558079648
-0.0793709610386
-0.100333506159
0.246723416364
-0.0271709581175
0.182947364444
0.168924565464
0.25032351726
0.0337076847318
0.370803692123
0.28466883556
0.155934038663
0.350211077925
0.747322750952
-0.0518876670671
0.201817160034
0.912697023503
1.0289684101
0.415180494915
0.461517926596
0.740217234688
0.897813238017
0.630902525042
0.820433157914
0.683887639757
0.712625173202
0.405471079959
0.97198384439
0.569772072714
0.660849025638
0.81318131078
0.845213646741
0.0304884285789
0.940499422722
1.10086071441
0.628646004011
0.902517582884
0.431593784158
0.550062919778
0.744545964029
1.04179382836
0.714374870653
1.35031537141
0.961728075977
0.828561020558
1.50306218907
1.31724413342
1.09976021587
1.29454085922
1.47114780376
0.661719876235
0.776031137383
1.11539035195
1.09347543995
1.10080963822
1.03552540144
1.39168008235
0.667342723009
1.34492892114
1.37362797503
1.47515796061
0.892970219224
0.760491358979
1.43478856044
1.39204836283
1.49406520658
1.60542867887
1.90040854101
1.34167604658
0.925868846234
1.05468536668
1.533048486
1.53775988694
1.74581516221
1.12737273818
1.95607181583
2.23663204422
1.9119651048
1.63493347948
1.10568181582
1.36473667116
2.00210902184
1.96406079339
1.82258010867
1.69572933694
1.90830563854
1.36743363512
1.56126394067
1.61930578462
2.04338440608
2.17915316875
1.71391639516
1.59583271802
1.70019673263
2.01947818893
2.18507760928
1.69730277888
1.55764872079
1.91543680952
2.26121294641
1.59962957805
1.7856096712
1.28145418667
1.84914805219
1.91932043575
2.06143184096
2.30964903906
2.14986235828
1.73705554996
1.84859993734
2.48265134519
1.43038118737
2.44131185226
2.32094379283
2.68607641872
2.59885510627
2.11538456884
1.47227445995
2.18753349035
1.92714115885
2.46644921133
2.37032241398
2.21962384436
2.3481354177
1.66772012472
1.6055218021
2.60552899619
2.51636327303
2.28759252253
2.29909870731
1.96139028769
2.28546646231
2.3102252511
2.4962222174
2.3765436904
2.08460553337
2.90136333355
3.38346486634
2.23072242522
2.77340438772
