140
9999999.
0.0273116744366
-0.144525385111
-0.0256317157189
-0.134411710116
0.694007545821
0.45561963319
0.00126161727306
0.217864087183
0.501367240055
0.48826930879
0.101662219797
0.228341514602
0.416315230269
0.0661616610402
0.236028021858
0.453926121847
-0.352945045322
0.451641158666
1.05184921285
0.885112593619
0.235405661941
-0.559438147238
0.660587463512
0.56488606218
0.55289525119
0.683799737939
0.547058105011
0.467415036327
0.598289234629
0.485879431817
0.184633592913
1.011706475
0.113735191467
0.653648329121
1.50669920378
0.713899402609
0.888296535151
0.7813349425
0.158012492016
0.533810847005
1.21094092286
0.740349602561
0.665969169232
0.665856626612
0.810088863783
1.27577043957
0.702019891734
0.361375152993
0.353725538385
0.826623240737
1.27480773857
0.87946815296
0.741032427731
1.06972883182
0.99528068328
1.09673773838
1.12292554565
0.619258290914
1.18572622996
1.39728717273
1.31551032828
0.881791909804
1.0609658533
1.08106791087
1.64040758161
1.82627578797
1.11214302865
1.17070417417
1.34182465339
1.47571939295
1.04887198284
1.0322426169
1.34375242846
1.61324002487
1.18879359364
1.18489431367
1.18413004723
1.72210209568
1.38882594429
1.40543381689
1.31615865932
1.51757614819
1.25599623301
1.28947470647
1.80240188402
1.3744490398
1.21725880677
1.40180911078
1.21519543064
2.18761348833
1.75866955875
1.41826519481
1.45471952484
1.83233877068
1.48611710563
1.22175387012
1.97583535504
1.62770965184
1.67320870639
1.88566609793
1.33388442021
1.25655959044
2.39905894176
2.08619405122
1.76725833876
1.50907388132
1.47852968978
2.1104648272
2.02569271253
2.13656881712
1.85232496981
2.12392664622
1.74729462549
1.48278433273
2.02552668622
1.84459045075
1.7191660925
1.92230303234
2.12057810887
1.93173141592
2.47508784786
2.39324693796
2.05883785275
1.81789401782
2.12313240647
2.53922059613
1.71343214002
2.04395449022
2.70494728441
2.05284308513
2.27828056346
2.44351852197
2.04823548058
2.57913653223
2.42664023645
1.5778551192
2.25931322387
2.31272141622
1.62965079179
2.5909207925
