140
9999999.
0.276912162111
0.219175062996
-0.537316534936
0.0463936928092
-0.190741537517
0.293608513508
-0.327755523635
0.242912351123
0.486419562831
0.289855085905
-0.0191385579862
-0.0678927507702
0.80683219876
0.787064999016
0.0572332219189
0.563728976419
-0.235559955724
0.526622851947
0.743050172184
0.157414729898
0.188074281288
0.86095122035
1.02162103755
0.165563049061
0.181124784015
1.15602506815
0.644103434675
1.07002931035
0.761548908872
0.340584812507
0.660447258364
0.658059971673
-0.147677184654
1.17943289827
0.645291529512
0.785600763888
0.527078879069
1.27872970081
0.590647350464
1.1814796441
1.14875608097
0.825659263726
1.10964735655
0.519446102481
0.913799351984
1.38737619214
1.05791855779
1.30270284942
0.599815466695
1.20350403655
1.46663127729
1.34292250413
0.511348657545
1.12102048511
1.57027961185
1.67555177461
1.5996915759
0.503034605557
0.886659698951
1.96233557187
1.58518823369
0.997328073567
0.735211357848
1.75563357772
1.47686010397
1.11217037598
1.60956226376
1.40721550145
1.77148851822
1.38876271621
1.09846531905
2.06679096644
1.38968837534
1.65339980985
1.21520853415
1.62000161098
1.89064548697
1.58029429673
1.37239931265
2.06381653408
1.53130313558
1.85918971983
1.58437059177
1.04336183534
1.91188174352
1.91671831905
1.66755100999
2.13446954667
1.18856651473
2.38577533702
1.69193089784
1.55240859193
1.58947621518
2.11045901176
2.33677373171
2.06990206065
1.64742964015
1.62657877516
2.06307616557
2.06339542845
1.58084249203
2.37891851206
2.50034570465
1.70683005644
1.56268144238
2.04895270397
2.40789916606
1.86669591547
1.81910597041
2.13472998647
1.80389712435
2.11755382963
1.91357920031
1.66702902314
2.39593754837
2.20658635994
1.8012992742
2.3946143449
2.4989025801
2.41949941215
2.08483267222
2.10260254957
2.53946523097
2.56857093653
2.16138452747
2.09719564563
2.19429193717
2.09038080765
2.65373970781
2.28947304667
2.56250845138
2.01425415213
2.42304172415
2.03796113293
1.97557774315
2.86942982405
2.88937241154
2.67351865467
2.46897493962
2.13192673143
