140
9999999.
-0.093323809294
-0.072256420242
0.110827476194
0.0636713386852
0.154129234507
-0.165190285377
-0.107538965856
-0.0707855118033
0.107989589794
0.0625901383978
0.158586302804
0.217567971944
0.148588036583
0.0733963931522
0.238759563477
0.237108682156
0.126532809025
0.271545762167
0.302889548466
0.261329719714
0.314335656588
0.197036869411
0.415512879515
0.468084705705
0.539097297454
0.612841421868
0.546131262752
0.710095435673
0.629586624448
0.6382629539
0.789492539191
0.795467107023
0.725764072646
0.762471927007
0.682766499204
0.866734995464
1.04024179803
0.764073620206
0.908808094344
0.760571586828
0.823486923484
0.948912487046
1.04651473611
1.00295454005
1.10083427148
1.15640258363
1.17721939836
1.27477558649
1.09774891864
1.20807269962
1.14252321719
1.31769498494
1.43899453384
1.54092286657
1.46213878872
1.5464889077
1.80460939914
1.65099520877
1.6676214999
1.7191789833
1.64615929933
1.7749694324
1.80779817432
1.73539632367
1.80555346186
2.0007529511
1.91941088621
1.94529948683
2.08923182225
1.86610392003
1.88834791326
2.01475836856
2.16620348081
2.08009905814
2.12068814482
2.12346102335
2.11188044816
2.13852857225
2.19287095177
2.41310023496
2.36620118957
2.30225708469
2.3822229214
2.66178928218
2.57450231713
2.67234710612
2.67679042309
2.68417461406
2.72904056105
2.57041178538
2.76729619848
2.95961003977
2.86183559203
2.9637718958
3.30762212393
3.11434370905
2.96909781917
2.98480958098
3.27879541743
3.48145679696
3.40122607795
3.45589087473
3.29273074142
3.32780915904
3.27928923166
3.41023168611
3.46546017716
3.54543789861
3.56107704505
3.44743290773
3.48599479296
3.66751977656
3.69311410868
3.75949420187
3.88549323889
3.92703595292
4.0626586012
4.04654151974
4.11172383381
4.05268944436
4.08148119889
4.20250778213
4.31651055507
4.25710078211
4.21310957965
4.35888816671
4.49940449599
4.43715952456
4.49965906635
4.59448056911
4.66543322435
4.659450284
4.79799429595
4.76335222847
4.679029431
5.02140712406
4.87064727218
4.95302800376
4.92093641815
5.07015620392
