140
9999999.
-0.0235773714987
-0.0051066289786
0.0697843654582
0.168346080656
0.176685420836
0.230923840965
0.117116911378
0.180539650737
0.249095954234
0.109208947681
0.261588178658
0.294318738954
0.382480295667
0.44145762929
0.16763728004
0.247611406381
0.38391183916
0.387596930052
0.35816126106
0.475157933789
0.381119399534
0.317117903071
0.630810669869
0.884689403068
0.840520676766
0.719049697053
0.66806619507
0.877476817121
0.660645394577
0.493150424271
0.625143375159
0.876791055589
0.959249335936
0.981150311695
0.723124890013
0.766640022259
0.898627337714
1.08353022711
1.39389856012
1.37558329319
1.19386892055
1.31114999889
1.53047981595
1.25188958171
1.22170443144
1.52468043464
1.47175518133
1.48357486469
1.41916015483
1.4396516339
1.48689462284
1.75219630051
1.59884715538
1.74763827541
1.83459272728
1.86223227566
1.76837699091
1.8552043039
1.86372898659
1.68880654347
2.00222090476
2.15377600042
2.00422971772
2.12826062456
2.24806364274
2.08266462683
2.12499045156
2.2358650783
2.46301266711
2.26006558046
2.20607125524
2.37425538004
2.54720008018
2.29763072109
2.26823497147
2.47631982194
2.50168863015
2.62860695405
2.77228237245
2.63308977562
2.60677239379
2.51423536538
2.65673451655
3.02106581317
2.96086835282
2.77073705721
2.86744365223
2.98715874301
3.00985163092
3.05928861161
2.94290278526
3.12882943077
3.27027187927
3.37752989343
3.26993320285
3.19896944079
3.25728232842
3.44056362852
3.36320185439
3.38278412853
3.47693300407
3.51870771208
3.67469010224
3.65969299887
3.60765094506
3.82039977682
3.82432740797
3.75956392861
3.93175282644
3.8594998378
3.88043953642
4.09146004222
4.06749670069
3.9573497747
4.00622031219
4.0707385984
4.24321020806
4.09172332656
4.430185139
4.48525187519
4.32111737622
4.43829538137
4.3841247979
4.4015901952
4.55927116782
4.59967412674
4.5424066859
4.457068908
4.74559130214
4.71057029506
4.70891362076
4.89503526755
5.07727119293
5.09084782728
5.12188718471
5.1058167185
5.18613682728
5.19709382156
5.1307948135
5.17050625187
