140
9999999.
-0.0596073296605
0.41299339333
-0.0329121335423
0.07990826678
-0.165556842379
-0.0716218384129
0.334688679936
0.769369107038
0.412868900233
0.296240219096
0.33828599806
-0.00209190337821
0.169399268174
0.633408458804
0.623672705424
0.088204947867
0.235538925128
0.519322599004
0.5330824389
0.312162819178
0.488968440294
0.601382740528
1.13633601144
0.38854112966
0.951914589262
0.480545055303
0.652533635494
0.51851895369
0.703976524253
0.595159144241
0.745324510288
0.619748570817
0.565544240976
0.611043783415
0.817994351321
1.15893138511
0.0645855493095
1.01425288787
0.760178347402
0.744039058099
1.30415672766
1.0999109455
0.54118324342
1.13351483194
1.29943747198
1.03731613471
1.24341286438
0.947223764181
1.13322207177
0.918299746354
1.31582254791
1.38333014978
1.10835732109
1.10925100519
0.741902839986
1.64798726719
1.23856575215
0.709965285882
1.53069125568
1.11907842578
1.07344444162
1.15885642165
1.1529897497
1.12381082311
1.40671653041
1.7627648846
1.08101313937
1.34071899966
1.27704589814
1.03519470853
1.33154478698
1.74634862226
1.97172739055
1.11606421075
1.95979750072
1.4621849107
1.26384708985
1.73206581805
1.98553640587
1.80274888519
1.1965360104
1.72494697847
1.57875646305
1.89535809011
1.69896413486
1.33618797492
1.67569944275
1.79108207363
1.44049909708
1.57903281001
2.31070859453
1.78328208962
1.45152275336
2.13617496441
1.91220681074
1.50665746297
1.62889585409
1.90926912801
2.29007862129
1.96545045036
1.83903158604
1.52051285276
1.86562111274
1.8062686478
1.77154346324
2.30333534611
1.88996053649
1.93374170441
2.27546574946
1.75459537725
2.08096744433
2.34118360757
1.91796256844
2.40667444824
2.29373731664
2.08113158732
2.36991596453
2.14590071168
2.21200069035
1.98056482429
2.38844274926
2.05352568156
2.42563770962
2.19976425849
2.42474458339
2.34925496173
2.27541941962
1.9125895376
2.37743061885
2.36229669616
2.34530364431
2.51481475729
2.49973194789
2.11244487031
2.80038215096
2.56509208992
2.62707639397
2.28347585877
2.50090153446
2.59108135919
