140
9999999.
-0.142292202917
0.0534725653088
0.0451971529543
0.466854853777
0.521628524478
0.00911746904012
0.274821284668
0.0353623562738
-0.0784704806294
0.408575944047
-0.0382144214088
0.448906017283
0.208452637782
0.423348185561
0.126561153615
0.294949648475
0.551049793575
0.557108347632
0.473090288893
0.559106959328
0.454806388363
0.278242304354
0.794417166885
0.495077606656
0.412518727402
0.462957045338
0.652457498856
0.791594594156
0.45229578281
0.446012412926
0.770986695453
0.451908174099
0.34918572523
0.930535030163
0.748772516289
0.437730161526
0.5480460836
0.789388891955
0.992959285492
0.686755343929
0.581151323483
0.701026925252
0.808282226337
0.580528183362
0.491049482481
0.762482669256
1.03696253505
1.08157364001
0.889893858552
0.605162686767
0.789362273875
0.914643081484
0.883611529633
1.03124740397
1.2166706385
0.883986373015
0.890631812242
1.06399634931
1.31313961852
1.00063853548
0.950622942122
0.728291531729
1.04051231037
0.97829233581
1.20230932494
1.17023854652
1.13226071396
0.993380549777
1.19232092407
1.18480556171
1.32257803598
1.40051596118
1.18004658816
1.00168190846
1.1288023839
1.46135550889
1.39474569036
1.23076327344
0.962858624245
1.15195828499
1.55912386101
1.35458937055
0.99776260745
1.16098455359
1.37854616846
1.33763178714
1.18149643557
1.21132925574
1.24518190937
1.47792275971
1.3249040119
1.29717509471
1.37051200167
1.34211792056
1.20150571569
0.967288754177
1.82621284448
1.28639500072
1.34852434389
1.0637597758
1.64480008012
1.74543755714
1.62197416613
1.51198266691
1.80715319317
1.34208489875
1.76826314672
1.70584691989
1.7740646214
1.29623733347
1.32824179836
1.60257881233
1.57804857795
1.77141666998
1.36454150944
1.45532347767
1.65251722076
1.92719023975
1.65447434594
1.64279907659
1.80407363566
1.59155556606
1.7195446508
1.75450167353
1.63997784083
1.6591202786
1.48495289573
1.53431189761
1.81370413366
1.75070191999
1.57032523633
1.45451820036
1.71151272224
1.87617165542
1.70565109234
2.0318726846
2.26943164483
1.5899694739
1.61568244174
2.03256327035
